4.111121962125743184e-02
4.028793858395583044e-02
1.552062986273638340e-02
2.312126652561353329e-02
1.190143586728677205e-02
5.450307227510389589e-03
5.169830281816893865e-03
5.239469695778271006e-03
3.569845971652539987e-03
9.853951243865588863e-03
1.003913686100672484e-02
1.446750638415184032e-02
2.399106188369973594e-02
1.409250055643324062e-02
2.146136878235057124e-02
1.146611346279078313e-02
7.291575829549280796e-02
2.734666318229457549e-02
7.731809827656770107e-02
3.636485964557424882e-03
7.080448226137038559e-02
1.569014560604252151e-01
6.749815083533856896e-02
5.989483008397863961e-02
5.846558997593363782e-02
2.641004070539913762e-02
1.272155963507682480e-02
1.313883734102236876e-02
3.459459724695444771e-02
2.910548644017703357e-02
2.420070917348201428e-02
9.924382887030746420e-03
2.557518260949028302e-02
3.249154528911106943e-03
4.223760897762698398e-03
6.933126012303777314e-03
1.309020995610592208e-02
1.079391513982909043e-02
7.842073933886540768e-03
2.490266243807752813e-02
3.481464048060448502e-03
9.911298714836929910e-03
5.564148533762832208e-03
1.319569447202559960e-03
1.837392878414084068e-03
5.348285078966720681e-03
2.383320994509236651e-03
8.036928662169737919e-03
2.033806786367105615e-02
4.265700993733858963e-03
7.903927336678854762e-03
2.793482070942149634e-03
1.977628653788618233e-03
2.663522995259965179e-02
2.890214365378424369e-02
2.029827549112563426e-02
3.887909994914775375e-02
3.612379891700802370e-03
1.829214280770561762e-03
1.712786928199935095e-03
1.269922848907562669e-03
2.418974450215838085e-03
8.666646386411723871e-03
2.930216898353773993e-03
5.259380007367570227e-03
7.461273454656582385e-03
4.455455011872938922e-03
1.040502601780937154e-03
1.443222899423648271e-03
1.549179501539788353e-03
1.698958001340941312e-02
3.917985042586504332e-03
1.496195086840000910e-01
1.078499151012216051e-01
4.775141439808691657e-02
8.965106195393200694e-02
2.399706967712341918e-02
4.398816758799992122e-02
6.520726434210216693e-02
6.118444849578775352e-02
3.439829297410986614e-02
3.769728062841011529e-02
1.071316741137524620e-01
2.633254644963313115e-02
7.205624853175419085e-03
3.089021865472050318e-03
1.569814801212475117e-02
6.049715738370659533e-03
9.669435663962279437e-02
5.110669394682759714e-02
1.814127116569628009e-02
8.238881911143261516e-03
5.671096683453579791e-03
2.951500623100873980e-03
9.604001460880221388e-04
4.506638270674946309e-03
2.239953778463070304e-03
8.743741797213731197e-04
1.281264253989637973e-03
9.033649215725303439e-04
2.640119852542813488e-03
1.861133546090204365e-03
