8.000000000000001554e-01
5.204525397069998949e-01
3.549958727340002396e-01
4.392174370530003147e-01
4.506458388500002021e-01
8.000000000000001554e-01
3.301483038980002060e-01
3.467347020779999456e-01
2.667618895760001108e-01
2.910434161040000300e-01
5.557294940700000518e-01
2.889369326092320334e-01
1.171023706390921792e-01
6.821431385336418352e-02
1.720680399344650391e-01
9.972027759990730045e-02
4.775242403900000765e-01
3.148855040369031300e-01
2.244156614269335048e-01
1.173100501187312461e-01
8.066999835553688436e-02
7.731808489361313708e-02
4.360403887917461280e-02
7.885067903119975796e-02
4.783053975575157074e-02
4.594203524742519751e-02
4.730715557927830245e-02
4.179622287958560667e-02
6.314775354539016450e-02
4.946940179012689759e-02
