-9.999999999999998890e-01 -0.000000000000000000e+00
-2.133187831593983098e-16 9.999999999999997780e-01
0.000000000000000000e+00 9.999999999999996669e-01
2.527729846233737124e-16 9.999999999999997780e-01
0.000000000000000000e+00 9.999999999999997780e-01
9.999999999999998890e-01 -0.000000000000000000e+00
0.000000000000000000e+00 9.999999999999996669e-01
0.000000000000000000e+00 9.999999999999996669e-01
0.000000000000000000e+00 9.999999999999995559e-01
0.000000000000000000e+00 9.999999999999996669e-01
2.343449971382104075e-11 -9.999999999999997780e-01
4.701560121915056135e-06 -9.999999999889471747e-01
1.712938355309435653e-02 -9.998532813463629765e-01
1.833387231498492254e-01 -9.830498016854385401e-01
1.050112708982763304e-03 -9.999994486314964792e-01
8.378543456811785028e-02 -9.964838187116887847e-01
-5.829995044653355712e-13 -9.999999999999997780e-01
-7.270745235472700064e-07 -9.999999999997354339e-01
-8.119790815713054822e-04 -9.999996703449307578e-01
-1.719780538633530753e-02 -9.998521068087479202e-01
-7.379511114885727030e-02 -9.972734236760374404e-01
-2.454094471650396236e-01 -9.694195187028921135e-01
-5.497756624076626658e-02 -9.984875899129832533e-01
-1.662477800765918001e-01 -9.860840104269020800e-01
-2.433309464790087973e-01 -9.699433233367947826e-01
1.840062342330988643e-01 -9.829250763732451102e-01
-1.734457622558752687e-01 -9.848434228624742826e-01
7.480593719449485368e-02 -9.971981105880860508e-01
2.474115540135450875e-01 -9.689104824185769127e-01
2.471093660495119748e-01 -9.689875960045125636e-01
