-0.0753194 0.997159
-0.07428 0.997237
-0.0739636 0.997261
-0.0730364 0.997329
-0.0127668 0.999919
-0.00643602 0.999979
0.5366 0.843837
0.91019 0.414191
-0.651245 -0.758868
-0.670136 -0.742238
-0.552134 -0.833755
-0.565256 -0.824916
-0.615641 -0.788027
-0.628516 -0.777797
-0.493468 -0.869764
-0.526026 -0.850468
-0.640983 -0.767555
-0.652693 -0.757623
-0.569568 -0.821945
-0.59523 -0.803555
-0.437448 -0.899244
-0.485331 -0.87433
-0.315976 -0.948767
-0.403274 -0.915079
-0.194441 -0.980914
-0.200199 -0.979755
-0.188433 -0.982086
-0.193315 -0.981137
-0.0201315 -0.999797
-0.0261493 -0.999658
-0.174996 -0.984569
-0.179996 -0.983667
-0.181043 -0.983475
-0.186018 -0.982546
-0.171979 -0.985101
-0.174122 -0.984724
-0.152948 -0.988234
-0.157659 -0.987494
-0.161386 -0.986891
-0.164021 -0.986457
-0.150938 -0.988543
-0.15282 -0.988254
-0.142075 -0.989856
-0.146308 -0.989239
-0.131059 -0.991375
-0.135323 -0.990801
-0.139689 -0.990195
-0.142114 -0.98985
-0.163069 -0.986615
-0.167934 -0.985798
-0.12781 -0.991799
-0.130094 -0.991502
-0.100356 -0.994952
-0.105772 -0.99439
-0.10953 -0.993984
-0.111676 -0.993745
-0.0881648 -0.996106
-0.0932213 -0.995645
-0.0945069 -0.995524
-0.100079 -0.994979
-0.0801878 -0.99678
-0.0855286 -0.996336
-0.0770152 -0.99703
-0.0803319 -0.996768
-0.0574643 -0.998348
-0.0652897 -0.997866
-0.0547857 -0.998498
-0.0585472 -0.998285
-0.0652076 -0.997872
-0.0724242 -0.997374
0.106994 -0.99426
0.0974892 -0.995237
0.0742672 -0.997238
0.0589925 -0.998258
-0.113233 -0.993568
-0.117723 -0.993047
-0.122348 -0.992487
-0.124969 -0.992161
0.207958 -0.978138
0.184278 -0.982874
0.175676 -0.984448
0.150732 -0.988575
-0.033586 -0.999436
-0.0392132 -0.999231
-0.0450423 -0.998985
-0.0488714 -0.998805
-0.00497635 -0.999988
-0.0104991 -0.999945
0.0106069 -0.999944
0.00400909 -0.999992
0.0516599 -0.998665
0.0380263 -0.999277
0.025421 -0.999677
0.0175734 -0.999846
0.0964147 -0.995341
0.0771481 -0.99702
0.148597 -0.988898
0.125925 -0.99204
0.263602 -0.964632
0.243501 -0.969901
0.246975 -0.969022
0.216975 -0.976177
0.761115 -0.648618
0.701349 -0.712818
0.167525 -0.985868
0.1458 -0.989314
0.312824 -0.949811
0.289665 -0.957128
0.581103 -0.81383
0.513026 -0.858373
0.69664 -0.717421
0.614954 -0.788563
0.536276 -0.844043
0.458575 -0.888656
0.820819 -0.571189
0.738662 -0.674076
0.417026 -0.908895
0.367033 -0.930208
0.497781 -0.867303
0.443381 -0.896333
-0.554728 0.832032
-0.560121 0.828411
0.998191 0.0601146
0.996329 -0.0856099
0.915574 -0.402149
0.842912 -0.538051
-0.566256 0.82423
-0.570025 0.821628
0.982237 -0.187645
0.949924 -0.31248
-0.574623 0.818418
-0.578425 0.815735
-0.601961 0.798526
-0.60936 0.792894
0.892142 0.451755
0.919592 0.392874
0.948759 0.316002
0.985304 0.170811
-0.580054 0.814578
-0.592212 0.805782
0.543308 0.839534
0.669975 0.742384
0.737193 0.675682
0.800885 0.598819
-0.609424 0.792845
-0.619288 0.785164
-0.622222 0.782841
-0.625178 0.780482
-0.623729 0.781641
-0.643867 0.765137
-0.657818 0.753177
-0.639445 0.768837
-0.644899 0.764268
-0.658678 0.752425
0.399695 0.916648
0.515298 0.857011
0.148385 0.98893
0.166954 0.985965
0.21297 0.977059
0.242989 0.970029
-0.627329 0.778755
-0.500152 0.865937
0.272835 0.962061
0.30873 0.95115
0.317851 0.948141
0.398399 0.917212
-0.324717 0.945811
0.0468494 0.998902
0.0579383 0.99832
0.0819461 0.996637
0.0845651 0.996418
0.113677 0.993518
0.0366899 0.999327
0.0533922 0.998574
0.0188484 0.999822
0.0318806 0.999492
0.00631009 0.99998
0.0172173 0.999852
-0.00325557 0.999995
0.00450881 0.99999
-0.0245129 0.9997
-0.0205034 0.99979
-0.0359991 0.999352
-0.0353129 0.999376
-0.0334409 0.999441
-0.032436 0.999474
-0.0528464 0.998603
-0.0506876 0.998715
-0.0468899 0.9989
-0.0443121 0.999018
-0.0501699 0.998741
-0.0481105 0.998842
-0.0305263 0.999534
-0.0290755 0.999577
-0.029118 0.999576
-0.0260673 0.99966
-0.0437879 0.999041
-0.0402837 0.999188
-0.0399616 0.999201
-0.0370521 0.999313
-0.0537087 0.998557
-0.0526394 0.998614
-0.0571315 0.998367
-0.055355 0.998467
-0.0589624 0.99826
-0.0575943 0.99834
-0.0605324 0.998166
-0.0593543 0.998237
0.378095 0.925767
0.377772 0.925899
0.375975 0.92663
0.374779 0.927114
-0.0617827 0.99809
-0.0606286 0.99816
-0.0620857 0.998071
-0.0615511 0.998104
0.370995 0.928635
0.369065 0.929404
-0.0640983 0.997944
-0.0637393 0.997967
-0.0636973 0.997969
-0.0628004 0.998026
0.368632 0.929575
0.367998 0.929826
0.36811 0.929782
0.370606 0.92879
0.374606 0.927184
0.372189 0.928157
0.376011 0.926615
0.378866 0.925451
-0.0650557 0.997882
-0.0647042 0.997904
0.376789 0.926299
0.376319 0.92649
-0.0658303 0.997831
-0.0654621 0.997855
0.376234 0.926525
0.390145 0.920753
-0.0680553 0.997682
-0.0677913 0.9977
-0.0676346 0.99771
-0.0671265 0.997744
0.419099 0.907941
0.439044 0.898465
0.450679 0.892686
0.540412 0.841401
-0.0694938 0.997582
-0.0691901 0.997603
-0.0728379 0.997344
-0.0719144 0.997411
-0.0691702 0.997605
-0.0685171 0.99765
-0.0670175 0.997752
-0.0663654 0.997795
-0.0712535 0.997458
-0.0708133 0.99749
-0.070891 0.997484
-0.0702056 0.997533
0.6994 0.71473
0.753424 0.657535
0.99418 0.107734
0.984546 -0.175127
-0.0439302 0.999035
0.0636669 0.997971
-0.075867 0.997118
-0.0752584 0.997164
0.570778 -0.821105
0.376369 -0.92647
0.275785 -0.961219
0.110059 -0.993925
-0.172023 -0.985093
-0.301197 -0.953562
0.00762184 -0.999971
-0.142806 -0.989751
-0.186292 -0.982494
-0.21892 -0.975743
-0.0155235 0.99988
-0.0125682 0.999921
0.24251 -0.970149
0.20768 -0.978197
0.182197 -0.983262
0.168024 -0.985783
0.299009 -0.95425
0.250889 -0.968016
0.364772 -0.931097
0.305276 -0.952264
0.983704 0.179795
0.999637 -0.0269241
0.611979 -0.790874
0.540959 -0.841049
0.434102 -0.900864
0.372355 -0.92809
0.931618 -0.363438
0.881511 -0.472164
0.98948 -0.144668
0.960543 -0.278133
