-1.500000000000000000e+00 8.000000000000000444e-01
-1.500000000000000000e+00 2.327101951089999959e-26
1.500000000000000000e+00 2.327101951089999959e-26
1.500000000000000000e+00 8.000000000000000444e-01
-9.442705059300000592e-01 1.302324266974535059e-11
-6.553335733239615823e-01 1.358467383346693071e-06
-4.832656282623942201e-01 1.820493029282820865e-04
-3.661804387254599114e-01 2.187940724581906825e-03
-2.668107956997146091e-01 1.054304751854348923e-02
-1.997527279940566891e-01 2.304937272096235085e-02
-1.385682076427433018e-01 3.867285655809168249e-02
-9.063297092634690910e-02 5.089720907329853272e-02
-4.547539242202917886e-02 5.935082997218153744e-02
-3.796277936787877984e-03 6.247743559587892737e-02
3.974181375415120065e-02 6.008019166003415734e-02
8.633195478073524276e-02 5.187496600042895006e-02
1.327248674684216034e-01 4.023631549106006233e-02
2.076785281130174021e-01 2.126172702145886009e-02
2.854319219169872968e-01 8.152976674990033631e-03
3.658819673649538751e-01 2.199925179965056023e-03
4.831746681260071230e-01 1.824497681618744965e-04
7.075902555731802268e-01 2.289455062159688100e-07
1.022475759610000035e+00 2.783963955175790910e-13
-9.795474602930002161e-01 8.000000000000001554e-01
-5.403300232400000125e-01 8.000000000000000444e-01
-1.853341505059999117e-01 8.000000000000000444e-01
1.057092655979999934e-01 8.000000000000000444e-01
3.724711551739999793e-01 8.000000000000000444e-01
7.192058572519998139e-01 8.000000000000000444e-01
1.049354161149999909e+00 8.000000000000000444e-01
-1.631709537180000003e-01 1.186907936330000024e-01
-2.868996474000000060e-02 2.256279530920000109e-01
7.743505164420000364e-02 4.763777280359999811e-01
-2.886708254560000145e-02 1.498875282909999940e-01
3.746882019459999991e-01 1.425325916949999883e-01
9.786564249899999679e-02 1.455459761769999916e-01
2.471046797960000097e-01 1.305360435000000041e-01
-9.279365680869999800e-02 1.279981969779999951e-01
-3.764547049630000142e-02 3.411034839159999832e-01
-3.464399981840000087e-01 1.256095873380000116e-01
3.413678078659999893e-02 1.797963443389999916e-01
-4.739830915170000214e-01 1.826563229529999943e-01
-5.211789346170000448e-01 4.540460078349999873e-01
2.116606128029999839e-03 1.062695631939999941e-01
4.554746244849999792e-01 4.470820594009999871e-01
2.800341839989999859e-01 2.892070522410000177e-01
-3.363895759030000043e-01 3.009141260520000194e-01
2.370770580450000109e-01 5.421048934030000543e-01
5.163176328469999687e-02 1.129877110340000018e-01
1.664538243049999977e-01 3.484244183079999724e-01
-2.293884490779999896e-01 2.063788636289999867e-01
-1.808899770590000067e-01 3.511760111200000201e-01
-3.006729391979999777e-01 5.309748193390000370e-01
1.621762170519999990e-01 1.115360220300000010e-01
6.400529461979999335e-02 2.730024732620000005e-01
-5.173655148919999863e-02 9.690419200949999812e-02
5.387305671450000055e-01 1.618130178689999865e-01
-6.443081278990000493e-01 1.822733421899999928e-01
1.642749412650000018e-01 2.114718659910000131e-01
-1.197999686829999966e-01 2.258754046620000122e-01
-8.153023360559999433e-02 5.409508097930000314e-01
6.952759759800000161e-01 3.246051707500000050e-01
-2.436927096160000084e-01 1.069843297510000013e-01
1.390029581030000072e+00 6.934992066570000446e-01
9.832885936909999680e-01 4.049819819020000211e-01
-1.125951228289999939e+00 3.855533141909999739e-01
-7.506406799179999867e-01 3.917691130140000255e-01
-1.035110867109999999e+00 1.927766571020116115e-01
-1.222098765432098499e+00 3.742846867212933550e-18
-1.312975614144999970e+00 1.927766570954999870e-01
-6.498208506114808714e-01 9.113735032869166308e-02
-7.997530864197520684e-01 7.089057396591752751e-09
-7.942893169144999987e-01 9.113667110151162098e-02
-4.148528132231971144e-01 6.289581832046414744e-02
-3.563102184547299878e-01 6.389876403129095273e-02
-4.246903772511317898e-01 6.880072622770786643e-04
-2.217227188050283626e-01 6.501685123598117955e-02
-2.330855384725112889e-01 1.607013222809912031e-02
-2.552517526578573226e-01 5.876368863477174354e-02
-5.692592567809786619e-01 1.894280314819438317e-05
-5.646583324204808019e-01 9.132884071019166383e-02
-4.786243598896970930e-01 9.141918612796413879e-02
-3.163400968008857062e-01 5.121216200763027346e-03
-3.066253969418573089e-01 6.807631742827174870e-02
1.261296296296295694e+00 3.322733392915351755e-19
1.002882176650500057e+00 2.024909909511392048e-01
1.241644296845499928e+00 2.024909909510000106e-01
8.650617283950615688e-01 4.671956863525276822e-10
7.014331157765900659e-01 1.623026998477531124e-01
8.588758677950000253e-01 1.623025853751391967e-01
5.109526176355035920e-01 8.099773381858092758e-02
6.231604113590900607e-01 8.090662340725310320e-02
5.954320981639139587e-01 8.836451911514036934e-06
4.245669205276724756e-01 6.898139597409315340e-04
3.702850846554769371e-01 7.236625843748252518e-02
4.289314350360035610e-01 7.135752073158092845e-02
3.300600619314936202e-01 7.534278418499501528e-02
3.256612119181626630e-01 4.409629889944676959e-03
1.474505422602108151e-01 7.588616876053003169e-02
1.849273725825086867e-01 6.639887452572942883e-02
1.701434922811343453e-01 3.030930620937710360e-02
2.092920994109059851e-02 8.317487742701706877e-02
1.807107678171769247e-02 6.199143258004796708e-02
-8.398359043789390722e-04 8.437349939493946072e-02
2.273916039545086920e-01 7.589888526072943731e-02
2.662683008564936671e-01 6.934451008749502321e-02
2.464244332449673780e-01 1.369539357522944235e-02
1.096190694569213475e-01 4.628232837790957621e-02
9.209879863986761284e-02 9.871047108871447429e-02
1.152952549837107932e-01 9.289114583403002001e-02
-6.812171362202543157e-02 5.565371602420735031e-02
-7.118476120777345040e-02 7.390070054139927236e-02
-4.860597195561458528e-02 7.812751099084076778e-02
4.568678851942559876e-02 8.653395134701707958e-02
6.898185903271761288e-02 8.243133851721447247e-02
6.318004716594623205e-02 5.656391722191901617e-02
-2.468193845113327012e-02 6.155478153428702026e-02
-2.167939314699959125e-02 8.281019658309077269e-02
-1.508695806803716510e-01 7.868182509554584592e-02
-1.690333115687218390e-01 3.059593767172290660e-02
-1.814618408560283447e-01 7.087008317698118010e-02
-1.146167220030907818e-01 4.500367925490585813e-02
-1.156809322257216499e-01 8.333552676804584225e-02
-9.171331386752346049e-02 8.944770302564926390e-02
