4.370074912664651534e-01
3.509999992911365663e-01
2.349363522574046681e-01
2.377627056229107416e-01
3.464836632373119452e-01
4.592200228667168704e-01
2.573923722701569328e-01
1.703254669531086285e-01
1.826051381998783640e-01
2.983641735028941810e-01
2.754628988925207911e-01
1.397196145903576991e-01
1.827102242146040612e-01
1.856160562663935754e-01
1.113092545457778776e-01
1.098815467281701319e-01
1.156269137542996345e-01
1.044217675020777669e-01
1.399325497313113620e-01
9.917341792443372384e-02
1.422137164294859923e-01
1.004185502502594890e-01
1.015346673066339911e-01
7.099008154162311790e-02
1.755924038270300080e-01
1.427801000952347577e-01
1.634208748331552885e-01
1.527033585410228489e-01
1.715798496390136541e-01
2.046089589762561667e-01
1.776024991332258995e-01
2.335400095382846875e-01
2.399926672053421528e-01
2.328166676447631367e-01
2.142121211101351286e-01
1.435982049493194357e-01
1.814301064675374331e-01
3.753620170905674347e-01
4.262150196214031794e-01
4.395453544991501094e-01
4.680286008258737751e-01
8.136826451091165591e-02
9.474069345624930305e-02
1.023987675866166597e-01
4.986786738590612278e-01
3.569343927013798878e-01
4.005045490699845057e-01
6.565067273646908452e-01
7.021642561981675801e-01
4.751620000664850685e-01
4.759967257191259349e-01
2.990178919926146373e-01
4.608993548324566980e-01
4.068734934077294918e-01
2.692680382675561312e-01
4.405737576540855183e-01
2.258489540975300303e-01
2.338738399976818816e-01
3.248384363430502075e-01
1.651715242211356238e-01
1.789773065246452466e-01
1.709119611390854110e-01
1.726430724786085502e-01
1.558729975216513464e-01
2.061547175713417113e-01
2.912755526027804853e-01
2.381739616513230684e-01
3.625474433978282951e-01
2.971699480849152586e-01
3.150822501294826550e-01
1.620519708671941117e-01
1.281462925440862155e-01
1.745645453406022007e-01
2.565202384503571520e-01
2.360166647584271693e-01
9.357573355501704049e-02
7.274975587875211203e-02
9.995787888665702559e-02
1.158074822600358295e-01
8.702783807448899456e-02
1.272170233466463907e-01
1.176436044563890782e-01
1.369698839798101087e-01
1.280905716754028867e-01
1.223545082977524623e-01
2.038181852242921810e-01
1.394380201368025374e-01
2.894259540868374114e-01
3.248550539638356272e-01
9.787497426520723465e-02
7.234953720923692488e-02
1.318775257869174988e-01
1.158222746384982432e-01
1.040997419262811863e-01
5.350248445658900565e-02
5.770828825464163758e-02
5.466143762077330798e-02
6.974255567568234115e-02
8.019650323243571188e-02
7.574063189433405396e-02
7.776719304663269605e-02
1.282442690107268302e-01
1.613213081323842113e-01
1.010935638464819514e-01
1.161692630534512105e-01
1.109292125603376367e-01
7.714292025087664262e-02
7.027710078965831997e-02
9.437840907687385095e-02
5.654743333100434310e-02
3.196327783706131020e-01
2.193696556041779544e-01
2.790729942340671177e-01
2.927073350748518599e-01
2.160452949169823778e-01
3.602916398713659207e-01
6.906133431009563173e-02
4.996883327284953880e-02
5.957444327571576048e-02
5.422708277369878149e-02
6.757033167260564910e-02
1.167940607039495565e-01
1.393995376682518883e-01
1.415163305801652727e-01
8.371478583958488762e-02
1.003709417370931001e-01
9.111033997726596112e-02
3.807173640865798431e-02
6.683087499897796824e-02
5.150265082690043406e-02
7.713125760262914965e-02
6.024594529030484480e-02
5.582817738345251524e-01
5.371813862201703094e-01
1.530879225514728548e-01
1.249903510097415404e-01
1.406087019309845143e-01
4.418950822914985421e-02
