-8.964814581681752603e-01 4.430812511951525146e-01
5.192972722082267456e-01 -8.545936713298866172e-01
8.917128780243807062e-01 4.526015280193768642e-01
2.619287775088263159e-01 -9.650872061698522186e-01
9.984712956814096874e-01 5.527270303039683030e-02
-8.889657825405495872e-01 4.579736209347303189e-01
7.096362758330052589e-01 -7.045682053725258465e-01
-2.248523194158850123e-03 9.999974720685267382e-01
-9.981755470818294285e-01 6.037861548503171971e-02
-9.108756673239247759e-01 4.126808920669747804e-01
9.852132028418459919e-01 1.713328484153313902e-01
4.082943957600702056e-01 9.128503088628043827e-01
-9.987086077664969475e-01 5.080469243194242479e-02
6.757364667583491968e-01 -7.371432883048866236e-01
-1.751565142769124506e-01 9.845406012482978975e-01
-7.980236227737732557e-01 -6.026261672836821237e-01
9.269866984148775746e-01 -3.750942027836251524e-01
1.783656610354676098e-01 9.839642732149266324e-01
-8.223000298386557994e-01 -5.690541810120932631e-01
9.724509273839992973e-01 -2.331076871962775299e-01
-5.679429405183142876e-01 8.230679293444794764e-01
9.898025178644036526e-01 -1.424463956345859983e-01
9.639782182809693012e-01 2.659811923423270330e-01
1.311085033694861790e-01 -9.913680246730830481e-01
-9.983606061153216249e-01 5.723722702093837073e-02
6.621039091578219127e-01 7.494120451913812708e-01
-3.075609839888259200e-01 9.515283711628484964e-01
9.482250349595365835e-01 -3.175992491741506663e-01
3.763442029635482577e-01 9.264799193159720669e-01
-9.767281299749505097e-01 -2.144811416316946273e-01
7.616685845086336171e-01 -6.479667949614494882e-01
-3.294031359170127571e-01 9.441893740389355472e-01
-6.380690025498882978e-01 -7.699791867219462072e-01
9.881624696992560297e-01 -1.534109952965105883e-01
-8.859199829099732026e-01 4.638381009369453301e-01
-7.014382392561915869e-02 -9.975368885234723315e-01
6.518091478944230133e-01 -7.583830395790407408e-01
-1.655947735782840879e-02 9.998628824542067361e-01
-9.045981404420113670e-01 -4.262654153328115925e-01
-9.428985690936281250e-01 3.330800030040649840e-01
8.722349152715115350e-01 4.890871625603135375e-01
-1.438701433828681320e-01 9.895965752987379016e-01
-8.859440855665502434e-01 -4.637920625125521723e-01
9.340094921663667504e-01 -3.572481889990818948e-01
5.785633913764317571e-01 -8.156374207691805545e-01
2.983763837857485446e-01 9.544482875457104276e-01
-9.863009521746386454e-01 1.649558478484487445e-01
-6.168740776315483343e-01 -7.870618605587659244e-01
9.876595120519463533e-01 1.566163728775217534e-01
8.313333516626514319e-01 5.557741073613829963e-01
-9.987355029213350610e-01 5.027320563150310118e-02
2.688026813926747138e-01 -9.631952649780352038e-01
-7.042864507105246474e-01 -7.099159072351960420e-01
9.953511065806580627e-01 9.631289959636288311e-02
-4.548511937733276667e-01 -8.905674547854181000e-01
-8.010416745613159195e-01 5.986085829788964086e-01
-7.208010040670822516e-01 6.931420579764909773e-01
-6.918806691894127114e-01 -7.220118694329127340e-01
9.992811979358567909e-01 3.790893630634135231e-02
-1.167297224198700217e-01 9.931637185800630263e-01
-7.953530237490552546e-01 -6.061464902259465770e-01
9.456948888984180179e-01 -3.250556523295779487e-01
-3.807112815091033275e-01 9.246939602547942227e-01
-8.208818189322805159e-01 -5.710980995822252382e-01
9.394908706271792864e-01 -3.425739394761131429e-01
-8.853990810162423175e-01 4.648316548338685128e-01
-3.989639897794940437e-01 -9.169665941893558880e-01
9.734393305643541661e-01 2.289451237969954422e-01
-9.599525233637870025e-01 -2.801627257282756633e-01
-9.665713240934574735e-01 2.563978850151060751e-01
-9.791365565744035715e-01 2.032033552371083351e-01
9.361603802055222523e-02 -9.956083755299232063e-01
8.402305305456824192e-01 5.422293385080888539e-01
-9.858787076207317090e-01 -1.674609621973870699e-01
6.689146604185410849e-01 -7.433392072783103766e-01
-7.045190810632487866e-01 7.096850459307939563e-01
-4.674923473789032169e-01 -8.839971182883800127e-01
9.997795578907592295e-01 -2.099608591514593586e-02
6.988824980174037638e-01 7.152365021200692841e-01
2.183211934293654011e-01 -9.758769679112092588e-01
-5.928604762311332488e-01 8.053051941487725518e-01
-5.230255189419125150e-01 -8.523170223194779238e-01
9.998734636964962119e-01 -1.590775268759935315e-02
-4.623085469324313412e-01 -8.867191254468475003e-01
-5.565876697266817219e-01 -8.307888816710420343e-01
9.978268354719929123e-01 -6.589086743963108728e-02
5.574891709860343436e-01 -8.301842110238562000e-01
8.910572910113752076e-01 4.538908504645900455e-01
-9.962051321511137258e-01 8.703639856853699619e-02
-9.522978639099687337e-01 3.051700810900515037e-01
-4.734013441294995239e-01 -8.808468467198942164e-01
9.664762538155226013e-01 2.567560141665852780e-01
-9.970062424038854676e-01 -7.732110066264641368e-02
4.550877772929400877e-01 -8.904465817546662887e-01
8.152512082385793279e-01 5.791074748831455121e-01
-9.181235119591057980e-01 3.962943562402501674e-01
1.713341542437006593e-01 -9.852129757517367192e-01
-4.288460002395428350e-01 9.033776110124399628e-01
9.168327568085521406e-01 -3.992714565841487540e-01
-9.999972657564525358e-01 2.338478055571260004e-03
5.893437445468467928e-01 8.078823867144885318e-01
-9.542965761282743431e-01 -2.988612467180225551e-01
8.329935863756742220e-01 -5.532826448181712431e-01
-8.929776691385550302e-01 -4.501009691390049916e-01
9.406474105655848739e-01 -3.393853989143586491e-01
-9.493411001061503596e-01 -3.142474751676494482e-01
9.242546990322122458e-01 -3.817764415425239921e-01
-8.695968437355364733e-01 -4.937624219857057462e-01
9.925046532652757048e-01 -1.222068461534485395e-01
-5.757691061310937775e-01 8.176123387186605695e-01
-8.104587756222967343e-01 5.857956751434811871e-01
4.547570823560156267e-02 -9.989654448280327337e-01
9.282488652045187694e-01 3.719597347113292041e-01
-9.190927196689628875e-01 3.940413336840545289e-01
-8.322273729131178799e-01 -5.544344864581651766e-01
7.466872691163454201e-01 6.651752567102701130e-01
-9.673811543376691358e-01 -2.533252893658980431e-01
1.344467621110196909e-01 -9.909208183088388244e-01
-7.753219164835055688e-01 -6.315662481643082860e-01
9.756659710934523222e-01 -2.192622011434415541e-01
3.239488510883596351e-01 -9.460745963604185738e-01
-8.359137059329809771e-01 5.488608896919039415e-01
-8.988595554469841487e-01 -4.382368076527214940e-01
8.142387439075542410e-01 -5.805301610767927833e-01
-9.558399543449765945e-01 -2.938877024950016237e-01
8.899522000489232809e-01 -4.560538143992212134e-01
-2.715954852783404247e-03 -9.999963117878162278e-01
-9.863842729479068705e-01 -1.644568821333548259e-01
7.020517571038232818e-01 -7.121259230974753551e-01
-6.037360110454593753e-01 -7.971843130461819804e-01
-9.996075560172552610e-01 -2.801310324129135249e-02
7.636527689043530742e-01 -6.456271745711386068e-01
7.423611252117325865e-01 6.699999699808724118e-01
7.177339425401763062e-01 -6.963174475235663907e-01
6.956838368956974605e-01 -7.183481043909554220e-01
9.874493960241684798e-01 -1.579357156931367190e-01
-9.980368539630991576e-01 6.262937115633511465e-02
-9.910073533978218663e-01 1.338074194932409589e-01
