0.0222081
0.0220357
0.0236229
0.0234886
0.024277
0.0241859
0.00810072
0.00788537
0.0223735
0.0223565
0.0245822
0.0245591
0.0234399
0.0234149
0.0230379
0.0229694
0.0214829
0.0214608
0.0253723
0.0253204
0.0259623
0.0259434
0.0279559
0.0278822
0.0257561
0.025666
0.0257202
0.0256816
0.0246988
0.0246419
0.0256322
0.0255402
0.0269641
0.0267898
0.0228888
0.0227894
0.0212795
0.0210774
0.0220231
0.0220063
0.0213725
0.0213453
0.0237876
0.0237873
0.022978
0.0229618
0.0235565
0.0235482
0.0223493
0.0221268
0.0228654
0.0227839
0.0210778
0.0209348
0.0216305
0.0215957
0.024012
0.0239651
0.0216264
0.0215643
0.0232877
0.0232047
0.0219385
0.0218135
0.0223093
0.0222763
0.0228935
0.0228201
0.0204037
0.0202402
0.0244615
0.0244301
0.0248347
0.0246235
0.0238851
0.023841
0.0235614
0.0234921
0.0225568
0.0225504
0.0246025
0.0245318
0.0248295
0.0247346
0.0249957
0.0249271
0.0231499
0.0230865
0.0229205
0.0228373
0.0240644
0.0240233
0.023916
0.0239064
0.0259567
0.0259259
0.0240786
0.0240385
0.0211115
0.0210619
0.0211273
0.0209771
0.0246372
0.024831
0.0114411
0.011435
0.0223302
0.0222979
0.0106044
0.0105975
0.00975861
0.00974128
0.0242593
0.0242028
0.00625073
0.00620499
0.0191805
0.0191101
0.0122228
0.0121627
0.011873
0.011856
0.00401206
0.00399974
0.00526375
0.00524819
0.0113284
0.0113259
0.00401892
0.00400197
0.0114912
0.0114903
0.0215997
0.021584
0.00400389
0.00401854
0.0040197
0.00399677
0.0151418
0.0151132
0.00873879
0.00871982
0.00401082
0.00399047
0.0229023
0.0228897
0.0202038
0.0202002
0.0192239
0.0191847
0.0198663
0.0198642
0.0172023
0.0171832
0.00957043
0.00951379
0.0219054
0.0218501
0.0186227
0.0186047
0.0211676
0.0212121
0.0144309
0.0144036
0.0109262
0.0109099
0.00793328
0.00805103
0.0245235
0.0244852
0.0221001
0.0220307
0.0253648
0.0251992
0.0246322
0.0245185
0.0233308
0.0232435
0.0243129
0.0241838
0.0235259
0.0234514
0.0227747
0.0226854
0.0232136
0.0231444
0.0210571
0.0208023
0.0233838
0.0233709
0.0226615
0.0225405
0.022762
0.022747
0.0224355
0.0222752
0.0224507
0.0224326
0.0223363
0.0220845
0.0229463
0.0229383
0.0240028
0.0238931
0.0240045
0.0239587
0.0210846
0.0210618
0.0236064
0.0235896
0.0225269
0.022501
0.0202739
0.0200234
0.0189266
0.0187991
0.0202259
0.0202076
0.0225058
0.0224548
0.0214114
0.0212008
0.0221559
0.0221524
0.0219663
0.021945
0.0202415
0.0201798
0.0206921
0.0206697
0.0230885
0.0229958
0.0218111
0.021795
0.0227359
0.0226459
0.0222388
0.0222303
0.0227234
0.0226675
0.0225335
0.0222902
0.022047
0.022035
0.020065
0.0200525
0.0246044
0.0245797
0.023287
0.0230681
0.0245406
0.0243324
0.0226071
0.0225685
0.0230097
0.0229172
0.0242576
0.0242159
0.00859497
0.00864415
0.00766927
0.00844112
0.0216095
0.0192704
0.021641
0.0215707
0.00773184
0.00798624
0.0113879
0.01135
0.0268421
0.0268042
0.0217853
0.0217704
0.0232557
0.0262164
0.0241619
0.0240511
0.0153032
0.015296
0.0125367
0.01253
0.0205745
0.0205179
0.0224053
0.0223551
0.00801329
0.00798411
0.0247094
0.0248446
0.0239094
0.0238628
0.0163978
0.0163615
0.0117525
0.0117228
