4.74962205524766e-15
4.94009266003084e-15
5.09068834178908e-15
5.10988549650565e-15
5.44419584825977e-15
5.72132808794243e-15
5.77550431524881e-15
5.67696727842883e-15
5.73289855800192e-15
5.98558881495861e-15
6.00643937798823e-15
6.06898429081348e-15
6.21608342056545e-15
6.32701763160146e-15
6.44725904066189e-15
6.37619297638725e-15
6.9035184198981e-15
6.9920875729948e-15
7.06305199331576e-15
7.03313817775053e-15
6.99312772945403e-15
7.09463954598477e-15
7.12729774829911e-15
6.9483738966529e-15
7.37055205822339e-15
7.77097163744481e-15
7.70038668788421e-15
7.89383884864173e-15
7.42914640938265e-15
7.47472017007672e-15
7.50857777104437e-15
7.61153970798081e-15
7.34200365976913e-15
7.42658836988194e-15
7.21437951154043e-15
7.35433307134936e-15
7.13719109312304e-15
7.27897424409804e-15
7.24478460621507e-15
7.24844040041542e-15
7.32123441190245e-15
7.38357264868858e-15
7.33442779708889e-15
7.26953490893384e-15
7.30745826804831e-15
7.30005520008931e-15
7.10635909384298e-15
7.38788235232421e-15
7.55109882499654e-15
7.4069507580328e-15
7.53422592868723e-15
7.64448590149722e-15
7.58647092087388e-15
7.59001829485698e-15
7.61735713026256e-15
7.53858645429969e-15
7.69045946174239e-15
7.55617085828469e-15
7.60909686496093e-15
7.66864328115291e-15
7.69920084175806e-15
7.73839136216162e-15
7.68671896424732e-15
7.57630313737503e-15
7.63259017078598e-15
7.62276797672962e-15
7.67382373465832e-15
7.78894906471733e-15
7.8276449178797e-15
7.97028187806553e-15
7.7419455124083e-15
7.84823459476156e-15
7.4331105235758e-15
7.63564965379146e-15
7.53518815811531e-15
7.6614265604423e-15
7.56321478427406e-15
7.70356136737052e-15
7.84086540812044e-15
7.92263796884837e-15
8.03832572878437e-15
8.01563541019332e-15
8.06904930784717e-15
8.1220091958413e-15
7.88263429681545e-15
7.91659354173677e-15
8.15646310800382e-15
7.99138993911111e-15
8.11506013754203e-15
8.21756806481874e-15
7.96970928379319e-15
7.98388183906665e-15
7.90477912618846e-15
7.92743556346162e-15
8.00933687319753e-15
7.98455946542445e-15
7.97641778473544e-15
8.00276050939505e-15
8.04408555282569e-15
8.03695353540981e-15
8.01075988854892e-15
8.13676789791426e-15
8.06815484105487e-15
7.98792049215916e-15
7.91448273563221e-15
8.03843076086982e-15
8.08463471407665e-15
7.99307045247846e-15
7.93521810218099e-15
7.99747502380418e-15
8.00730399412412e-15
7.90183483966381e-15
7.85027086196675e-15
8.07149892713063e-15
8.14326294655381e-15
8.10357775890905e-15
8.10698283135701e-15
7.88951559247894e-15
7.87532948467833e-15
8.05511392179895e-15
7.98685323064562e-15
7.97630597638641e-15
8.15640889789519e-15
7.90275641151042e-15
7.88745899648301e-15
7.80432440677589e-15
8.06211041394327e-15
7.85282890146746e-15
7.85211400565998e-15
8.00029394945265e-15
7.94295659518711e-15
7.86136699357579e-15
7.94164200005297e-15
7.83869361564368e-15
7.84922731737574e-15
7.94644975906159e-15
7.87103333356985e-15
7.80784806383647e-15
7.99128490702565e-15
8.0192810399983e-15
7.89903285467429e-15
7.90618520088091e-15
7.96453221841957e-15
7.75568438681276e-15
7.75922498453228e-15
7.86896996131034e-15
7.7857201751224e-15
7.84713684006191e-15
7.91648850965131e-15
7.79884918580484e-15
7.91113526142466e-15
7.87706082002251e-15
7.95763398209713e-15
7.77922512648285e-15
7.8940319721537e-15
7.81507156081065e-15
7.82148529428726e-15
7.79275054858461e-15
8.01822733101192e-15
7.87088086763935e-15
7.81462771554629e-15
7.82893579609131e-15
7.90490109893287e-15
7.90245825591299e-15
7.87415041481575e-15
7.88886507117545e-15
7.95049180028588e-15
7.80645215353939e-15
7.80915249457524e-15
7.92206876270782e-15
7.86516508931127e-15
7.8413092533848e-15
7.82755682645318e-15
7.78356193517279e-15
7.94165555258013e-15
7.86090620765248e-15
7.76442915496021e-15
7.91653933162814e-15
7.98673125790121e-15
7.77818158189184e-15
7.84205803051018e-15
7.75686345667534e-15
7.87717262837155e-15
7.91088792780406e-15
7.89407262973517e-15
7.90089971529004e-15
8.07143455262664e-15
7.80363322789093e-15
7.90838409841198e-15
7.7902839886422e-15
8.0009885164694e-15
7.88437918468679e-15
7.89746076152419e-15
7.84525303878722e-15
7.9913933272429e-15
7.83564429703357e-15
7.8401064665997e-15
7.71203169684306e-15
7.83778898445602e-15
7.84049610175544e-15
7.78559820237799e-15
7.77469858241273e-15
7.81090077057837e-15
7.79815800691988e-15
7.84661167963462e-15
7.76464260726292e-15
7.77983837833666e-15
7.73996345531172e-15
7.96169974024395e-15
7.93684101730793e-15
7.92504015428679e-15
7.77270636092078e-15
7.90499596662296e-15
8.01799354991847e-15
7.90389821192332e-15
7.80379585821681e-15
7.80562883751466e-15
7.84200043226976e-15
7.80637422650825e-15
7.73600611738215e-15
7.87187359025353e-15
7.92992922845834e-15
7.92089308097703e-15
7.82661831394763e-15
7.8302673318844e-15
7.8074685930761e-15
8.00494585439897e-15
7.89551936200908e-15
7.82820734775667e-15
7.8309144650561e-15
7.85882250660223e-15
7.84345055267546e-15
7.87935458524368e-15
7.74076305441393e-15
7.94298370024142e-15
7.7474986604105e-15
7.738272777549e-15
7.67140122042917e-15
7.86597824094064e-15
7.84767894114816e-15
7.8063877790354e-15
7.80676386166398e-15
7.82729932843722e-15
7.75535912616102e-15
7.9591247600843e-15
7.90924807201818e-15
7.86169564235932e-15
7.75527781099808e-15
7.91171802009237e-15
7.79901181613071e-15
7.84868521628949e-15
7.73728005493482e-15
7.90735410634812e-15
7.69712391697139e-15
7.74549627452319e-15
7.77956393966175e-15
7.80470726566805e-15
7.81871719061564e-15
7.76392771145544e-15
7.77731422015385e-15
7.75510501627684e-15
7.76878968057268e-15
7.79485457842559e-15
7.79349593757819e-15
7.83170389976294e-15
7.71197748673444e-15
7.82187831757479e-15
7.80927107918786e-15
7.84062146263163e-15
7.81606089529305e-15
7.80539844455301e-15
7.77872368297808e-15
7.73258071614345e-15
7.62640683027102e-15
7.80553396982457e-15
7.79973010006998e-15
7.86035394217087e-15
7.64546168345245e-15
7.72820324987204e-15
7.64452655907868e-15
7.86536837721862e-15
7.83118551559922e-15
7.7850425487646e-15
7.74305343150331e-15
7.86772651694377e-15
7.88095039531631e-15
7.900049294211e-15
7.73559954156747e-15
7.80140044904197e-15
7.82497845816174e-15
7.76043115944917e-15
7.73828294194437e-15
7.8159829682619e-15
7.92819450498236e-15
7.83372322630919e-15
7.77796474145734e-15
7.82056372244065e-15
7.80234573781111e-15
7.9773258040549e-15
7.91918207442358e-15
7.90778778721711e-15
7.81007067829007e-15
7.90013060937393e-15
7.81504445575634e-15
7.84737062115536e-15
7.80714333242435e-15
7.77823918013225e-15
7.83456009486108e-15
7.85005402153226e-15
7.75282480358283e-15
7.91341208598688e-15
7.91316475236628e-15
7.82080766792946e-15
7.76426313650255e-15
7.88416573238408e-15
7.92422361452563e-15
7.88954608566504e-15
7.89149426144373e-15
7.91137920691347e-15
7.72974484983605e-15
7.81037222201929e-15
7.86883443603878e-15
7.76848136057988e-15
7.73917740873667e-15
7.80587278300347e-15
7.84975247780303e-15
7.76327719015195e-15
7.78674677905447e-15
7.85588160820937e-15
7.84441278210354e-15
7.7649577035193e-15
7.80116666794853e-15
7.81961504553973e-15
7.72143715068938e-15
7.85931039757985e-15
7.8531270570649e-15
7.83826332290648e-15
7.71699192178218e-15
7.81317759514059e-15
7.84567316712906e-15
7.89965627092347e-15
7.76206762710327e-15
7.84480919352286e-15
7.82379938829916e-15
7.86685915520578e-15
7.83880203586093e-15
7.91820968060013e-15
7.88023211137703e-15
7.81983188597422e-15
7.79586762983051e-15
7.8230167298559e-15
7.72375463283306e-15
7.82687920009538e-15
7.87509570358488e-15
7.86004223404628e-15
7.73578927694765e-15
7.85935105516132e-15
7.81603379023874e-15
7.8163217814408e-15
7.73044958124816e-15
7.82869523873429e-15
7.78784453375411e-15
7.80580502036769e-15
7.72971774478173e-15
7.90120125901926e-15
7.83915440156699e-15
7.80678080232293e-15
7.76717692984111e-15
7.83571544780114e-15
7.80573386960012e-15
7.85456701307523e-15
7.81444814456148e-15
7.83110758856807e-15
7.76754284807432e-15
7.86863453626323e-15
7.84805841190853e-15
7.83067390769908e-15
7.79041951391377e-15
7.76574375009435e-15
7.75728358501718e-15
7.78603188324699e-15
7.78188142180544e-15
7.83979475847511e-15
7.8399540006692e-15
7.8177719018465e-15
7.80695359704417e-15
7.80667238210568e-15
7.71182840893572e-15
7.88070983795928e-15
7.8498880030746e-15
7.8330727050057e-15
7.70453714932576e-15
7.85374030891871e-15
7.85731478795612e-15
7.92571778064459e-15
7.72096281223891e-15
7.79389234899751e-15
7.80337572987497e-15
7.85613910622533e-15
7.72212832957433e-15
7.8657749530333e-15
7.82950500223187e-15
7.81938465257807e-15
7.7600211955027e-15
7.83953726045915e-15
7.74753931799196e-15
7.92170623260639e-15
7.79588118235766e-15
7.79988256600049e-15
7.71921453623578e-15
7.89828746568071e-15
7.86911903910906e-15
7.85048770240125e-15
7.7603600086816e-15
7.84526997944616e-15
7.79623354806372e-15
7.78760397639709e-15
7.71363089504748e-15
7.86744191387349e-15
7.86906482900043e-15
7.8287223437886e-15
7.75531846857955e-15
7.81596941573474e-15
7.75641622327919e-15
7.90369492401598e-15
7.88526009895194e-15
7.81106340090425e-15
7.76517115582201e-15
7.94868931417413e-15
7.8081462194339e-15
7.82759748403465e-15
7.70987684502525e-15
7.82221713075369e-15
7.78800716407999e-15
7.82008938399019e-15
7.71115078257792e-15
7.91437431541496e-15
7.83880203586093e-15
7.80049242972251e-15
7.74001766542035e-15
7.85498714141707e-15
7.7286470951364e-15
7.86004223404628e-15
7.83824638224753e-15
7.82820734775667e-15
7.85696242225006e-15
7.86324063045511e-15
7.78165102884379e-15
7.83891384420997e-15
7.74130515550017e-15
7.8212277962713e-15
7.73966529971429e-15
7.82007583146303e-15
7.77624357050852e-15
7.88739123384723e-15
7.82851566774947e-15
7.81470903070923e-15
7.83348944521575e-15
7.82025201431606e-15
7.70667844861642e-15
7.86536837721862e-15
7.83874782575231e-15
7.82987430859687e-15
7.72576040685216e-15
7.88892266941586e-15
7.83804309434019e-15
7.84258657906926e-15
7.7133462919772e-15
7.78212875542604e-15
7.77331622464281e-15
7.91235498886871e-15
7.70342584209896e-15
7.86441970031769e-15
7.86582577501013e-15
7.8656800853432e-15
7.79715511991033e-15
7.81931688994229e-15
7.73160154605643e-15
7.88527703961088e-15
7.83659297393449e-15
7.82953549541797e-15
7.71493193765446e-15
7.86971873843571e-15
7.81013844092585e-15
7.85165321973667e-15
7.74997877288006e-15
7.8381955602707e-15
7.75774437094048e-15
7.79462418546394e-15
7.74968061728262e-15
7.9087771216995e-15
7.81073475212071e-15
7.80514094653705e-15
7.79117845543451e-15
7.86397246692154e-15
7.78154260862654e-15
7.86840414330157e-15
7.83175472173978e-15
7.84201737292871e-15
7.71307524143408e-15
7.85799580244571e-15
7.79928286667383e-15
7.84028264945273e-15
7.76877612804552e-15
7.9149164165012e-15
7.8456596146019e-15
7.86776717452524e-15
7.7774226403711e-15
7.86027262700793e-15
7.84053675933691e-15
7.83778898445602e-15
7.78192207938691e-15
7.84035041208851e-15
7.74236225261835e-15
7.8741639673429e-15
7.84117372811324e-15
7.82731288096437e-15
7.75843554982544e-15
7.86779427957955e-15
7.80054325169935e-15
7.86151945950629e-15
7.74406987104001e-15
7.80276925428473e-15
7.7553320211067e-15
7.8584023782604e-15
7.73420363127039e-15
7.87961208325964e-15
7.83317773709116e-15
7.86005578657344e-15
7.85604085040345e-15
7.84925442243005e-15
7.74045134628934e-15
7.94066621809773e-15
7.86723523783436e-15
7.81805650491678e-15
7.73280772097332e-15
7.89176870011864e-15
7.82088559496061e-15
7.839090027063e-15
7.71242472013059e-15
7.83051127737321e-15
7.84452120232079e-15
7.80772947922385e-15
7.70505214535769e-15
7.87054544259223e-15
7.90003235355205e-15
7.81718914317879e-15
7.7649272103332e-15
7.80446332017924e-15
7.77941486186304e-15
7.87893445690184e-15
7.8178633814048e-15
7.82687920009538e-15
7.77461726724979e-15
7.87603421609044e-15
7.78579810215355e-15
7.83972699583933e-15
7.7558876747201e-15
7.80862394601615e-15
7.84122793822187e-15
7.81386877402555e-15
7.75393611080963e-15
7.87454343810327e-15
7.83941189958295e-15
7.83777543192886e-15
7.8186358754527e-15
7.84800758993169e-15
7.70624476774742e-15
7.86338970825383e-15
7.84704197237182e-15
7.86017775931784e-15
7.79818511197419e-15
7.92686974545286e-15
7.87102994543806e-15
7.91715258348195e-15
7.73532849102435e-15
7.78757687134278e-15
7.7858116546807e-15
7.81767703415641e-15
7.7274138151652e-15
7.8961597189172e-15
7.84262384851894e-15
7.81867992116596e-15
7.79699248958446e-15
7.83108048351376e-15
7.72631606046556e-15
7.88411152227546e-15
7.84448054473932e-15
7.90477912618846e-15
7.7540987411355e-15
7.89657984725904e-15
7.83477693529558e-15
7.82270502173131e-15
7.76773258345451e-15
7.8098436734602e-15
7.79593539246629e-15
7.82061793254928e-15
7.73141181067624e-15
7.86817375033992e-15
7.82737725546837e-15
7.8653412721643e-15
7.77114782029784e-15
7.81529178937694e-15
7.71369865768326e-15
7.89545498750509e-15
7.86514814865233e-15
7.82808537501227e-15
7.72608566750391e-15
7.86805177759552e-15
7.82625239571441e-15
7.83881897651988e-15
7.69930587384351e-15
7.81649796429383e-15
7.87474333787883e-15
7.87503132908089e-15
7.75113073768832e-15
7.94711722102402e-15
7.9240474316726e-15
7.85857856111342e-15
7.78129866313773e-15
7.85525819196019e-15
7.77095808491765e-15
7.87627816157925e-15
7.85440099461757e-15
7.84110935360925e-15
7.78882031570935e-15
7.85752146399525e-15
7.79902536865787e-15
7.82411448455554e-15
7.77768013838706e-15
7.79734824342231e-15
7.73012432059642e-15
7.85159900962805e-15
7.79001293809908e-15
7.87977471358552e-15
7.83174116921262e-15
7.82010293651735e-15
7.82565608451954e-15
7.8022542582528e-15
7.70342584209896e-15
7.86902755955075e-15
7.86750628837748e-15
7.90240743393615e-15
7.70581108687843e-15
7.85791448728278e-15
7.83384181092181e-15
7.88381336667802e-15
7.70638029301898e-15
7.79657574937441e-15
7.78212536729425e-15
7.85903934703673e-15
7.68713570445737e-15
7.85802290750003e-15
7.87745384331004e-15
7.86565298028889e-15
7.79108358774441e-15
7.80237623099721e-15
7.71623298026144e-15
7.87120951642288e-15
7.83553587681632e-15
7.8349565062804e-15
7.73249601284873e-15
7.86156011708776e-15
7.81062633190346e-15
7.84525642691901e-15
7.7453980187013e-15
7.83548505483948e-15
7.85740965564621e-15
7.81476324081785e-15
7.73989569267594e-15
7.88915306237752e-15
7.85253074587003e-15
7.82300317732874e-15
7.77074124448315e-15
7.8212277962713e-15
7.7115573583926e-15
7.91025434715951e-15
7.85690821214144e-15
7.81588810057181e-15
7.73508454553554e-15
7.8485903485994e-15
7.79773787857804e-15
7.81867992116596e-15
7.76584878217981e-15
7.91605482878231e-15
7.82446346212981e-15
7.79962506798453e-15
7.73473217982948e-15
7.87840590834275e-15
7.83915440156699e-15
7.81171392220774e-15
7.7350032303726e-15
7.86002868151912e-15
7.74713274217728e-15
7.86692691784156e-15
7.83255432084198e-15
7.84639483920012e-15
7.75884212564013e-15
7.86668297235275e-15
7.79382119822994e-15
7.864880486241e-15
7.814841167849e-15
7.80260662395886e-15
7.75283835610999e-15
7.83509203155196e-15
7.74309408908477e-15
7.89286645481828e-15
7.80929818424217e-15
7.80598120322072e-15
7.80372809558103e-15
7.82789563963208e-15
7.68656649831681e-15
7.86599179346779e-15
7.9026073337117e-15
7.83526821440499e-15
7.73489481015535e-15
7.84354880849734e-15
7.81172408660311e-15
7.92869933661892e-15
7.72662776859015e-15
7.82682498998676e-15
7.7822337875115e-15
7.81754150888485e-15
7.72801012636007e-15
7.8653412721643e-15
7.85970003273559e-15
7.85109756612327e-15
7.77801895156596e-15
7.81137510902884e-15
7.73463731213939e-15
7.91159604734797e-15
7.82198334966025e-15
7.83089074813358e-15
7.74434092158313e-15
7.88080470564938e-15
7.80357901778231e-15
7.85547503239468e-15
7.71813033406329e-15
7.80127847629757e-15
7.75272993589274e-15
7.8325170513923e-15
7.71916032612716e-15
7.8732695005506e-15
7.93677325467215e-15
7.82538842210821e-15
7.80267099846285e-15
7.80808184492991e-15
7.73917740873667e-15
7.87474672601061e-15
7.84316594960519e-15
7.82155305692304e-15
7.70922632372176e-15
7.8633354981452e-15
7.83335391994419e-15
7.8335063858747e-15
7.74001766542035e-15
7.80947775522699e-15
7.80223731759386e-15
7.81415337709583e-15
7.75015495573309e-15
7.86252234651584e-15
7.82687581196359e-15
7.83754503896721e-15
7.78737019530365e-15
7.83021312177577e-15
7.72254845791617e-15
7.90238032888184e-15
7.84418238914189e-15
7.8749364613908e-15
7.7103240784214e-15
7.85603068600808e-15
7.81873074314279e-15
7.85702002049048e-15
7.7576766083047e-15
7.8031487250451e-15
7.79983852028723e-15
7.83777543192886e-15
7.81757877833453e-15
7.90495530904149e-15
7.88568022729377e-15
7.89773181206731e-15
7.74699721690572e-15
7.81361127600959e-15
7.73660242857702e-15
7.93104392381692e-15
7.87658648157205e-15
7.80401608678309e-15
7.72833538701181e-15
7.85070454283575e-15
7.83080604483885e-15
7.83806003499914e-15
7.7133462919772e-15
7.81259483647288e-15
7.79280475869323e-15
7.83361480609195e-15
7.70442872910851e-15
7.87027439204911e-15
7.8670997125628e-15
7.81407206193289e-15
7.73288903613625e-15
7.82942707520072e-15
7.75656530107791e-15
7.94208923344912e-15
7.87638319366471e-15
7.86010999668206e-15
7.84763828356669e-15
7.85722330839782e-15
7.77479345010282e-15
7.8340620394881e-15
7.77713803730082e-15
7.82160726703167e-15
7.74649577340095e-15
7.81500718630666e-15
7.77510515822741e-15
7.96846245129483e-15
7.82753988579424e-15
7.80874591876056e-15
7.7896063622844e-15
7.84903758199555e-15
7.72725118483933e-15
7.88371849898793e-15
7.84351831531124e-15
7.85871408638499e-15
7.72006834544661e-15
7.88325771306463e-15
7.81475985268607e-15
7.88145522695287e-15
7.70890106307001e-15
7.80172570969372e-15
7.7721778123617e-15
7.85641015676845e-15
7.71109657246929e-15
7.95809476802044e-15
7.85674558181557e-15
7.8587411914393e-15
7.80238639539257e-15
7.81573902277309e-15
7.73038181861238e-15
7.86952900305553e-15
7.86545985677692e-15
7.8260389434117e-15
7.71268221814655e-15
7.85968986834022e-15
7.83371983817741e-15
7.93280575234721e-15
7.79844260999016e-15
7.84152948195109e-15
7.85041655163368e-15
7.80449042523355e-15
7.72406634095765e-15
7.86551745501733e-15
7.81751101569875e-15
7.82744840623593e-15
7.78811558429723e-15
7.82206805295498e-15
7.70670555367073e-15
7.92123189415593e-15
7.84541566911309e-15
7.80431424238053e-15
7.69738141498735e-15
7.9048604413514e-15
7.89848736545626e-15
7.85868698133067e-15
7.77135110820518e-15
7.86780783210671e-15
7.81091093497374e-15
7.81621336122355e-15
7.69841140705121e-15
7.8840979697483e-15
7.85612216556639e-15
7.82957615299944e-15
7.73961108960566e-15
7.8385343734496e-15
7.79220844749837e-15
7.88828570063953e-15
7.8343703594809e-15
7.80646909419834e-15
7.75881502058581e-15
7.86394536186723e-15
7.81512577091928e-15
7.84484985110433e-15
7.7458316995703e-15
7.81290654459747e-15
7.77064637679306e-15
7.82031977695184e-15
7.74095278979411e-15
7.98033446508355e-15
7.85922569428513e-15
7.8633354981452e-15
7.82237637294778e-15
7.89438433785976e-15
7.75029048100465e-15
7.89737944636125e-15
7.90100813550729e-15
7.88259363923398e-15
7.74739024019325e-15
7.86563942776174e-15
7.805462819057e-15
7.8348616385903e-15
7.72662776859015e-15
7.81451929532904e-15
7.76591654481559e-15
7.85833461562462e-15
7.70280242584978e-15
7.87924616502643e-15
7.87929698700326e-15
7.85185650764401e-15
7.77538976129769e-15
7.80524936675429e-15
7.74802720896958e-15
7.91083710582723e-15
7.79894405349493e-15
7.81893741918192e-15
7.73057155399257e-15
7.90435899784662e-15
7.88475865544716e-15
7.83587807812701e-15
7.71715455210806e-15
7.81190365758792e-15
7.78091919237736e-15
7.82471079575041e-15
7.71430852140528e-15
7.8819702229848e-15
7.88562601718515e-15
7.83021312177577e-15
7.81066698948493e-15
7.82700117283978e-15
7.73931293400823e-15
7.87406909965281e-15
7.83947966221873e-15
7.81583389046318e-15
7.69946850416939e-15
7.88518217192079e-15
7.84538856405878e-15
7.84941705275592e-15
7.72836249206613e-15
7.81064327256241e-15
7.80082785476963e-15
7.80686211748587e-15
7.74733603008462e-15
7.97311096810936e-15
7.83245945315189e-15
7.81054840487232e-15
7.7745223995597e-15
7.86038104722518e-15
7.73664308615848e-15
7.87673894750256e-15
7.80520532104104e-15
7.81072458772535e-15
7.73135760056762e-15
7.86630350159238e-15
7.7948511902938e-15
7.85542082228606e-15
7.7440427659857e-15
7.80713316802899e-15
7.77942841439019e-15
7.8483735081649e-15
7.80752280318472e-15
7.88075049554075e-15
7.82463964498284e-15
7.8575079114681e-15
7.77209649719876e-15
7.80810894998422e-15
7.71136762301242e-15
7.87753854660476e-15
7.89832473513039e-15
7.82155305692304e-15
7.71933650898018e-15
7.85631528907836e-15
7.85932056197522e-15
7.83770766929308e-15
7.7090907984502e-15
7.80020782665224e-15
7.81218487252641e-15
7.92316990553925e-15
7.70030876085306e-15
7.89681024022069e-15
7.85455007241628e-15
7.8174330886676e-15
7.75565728175845e-15
7.81142931913746e-15
7.71756112792274e-15
7.90492820398718e-15
7.84708262995329e-15
7.83953726045915e-15
7.77599962501971e-15
7.8857649305885e-15
7.79102937763579e-15
7.81671480472833e-15
7.73257732801166e-15
7.81984543850138e-15
7.83626771328275e-15
7.84165145469549e-15
7.74629248549361e-15
7.88047944499763e-15
7.84773315125678e-15
7.81882899896467e-15
7.78787163880842e-15
7.80954551786277e-15
7.74866417774592e-15
