1.3934536478586e-13
1.46807508849582e-13
1.46533436637437e-13
1.2766991190325e-13
1.06314632255357e-13
8.93339504142751e-14
8.10028096959889e-14
7.51475074037604e-14
7.06101313325126e-14
6.50320739554692e-14
6.13978775815753e-14
5.7424871526075e-14
5.31608821771433e-14
4.91390965150418e-14
4.47290098353322e-14
4.10637477257789e-14
3.86986786599145e-14
3.7536291759052e-14
3.60269541951817e-14
3.55780347381892e-14
3.54024080962872e-14
3.41567216580754e-14
3.34343187855422e-14
3.303977294912e-14
3.24908371783369e-14
3.1980806755735e-14
3.02748473422883e-14
2.96523504161553e-14
2.80214352920354e-14
2.73915866318665e-14
2.70103908817471e-14
2.64975738204654e-14
2.51235734214779e-14
2.53763951944544e-14
2.5089710480406e-14
2.49002955307142e-14
2.51461824737332e-14
2.53065935698723e-14
2.39843598444024e-14
2.42521133948441e-14
2.34053923589608e-14
2.27909111254544e-14
2.23595809464712e-14
2.22825085303477e-14
2.19004543692632e-14
2.14207162863866e-14
2.02772584078669e-14
1.99434108478031e-14
1.94830288642223e-14
1.93555929326142e-14
1.86466239627936e-14
1.80128357962983e-14
1.90939203020785e-14
1.90700484204265e-14
2.03786613053079e-14
2.02865387428433e-14
2.02756945766501e-14
2.04815691608747e-14
2.04636374968398e-14
2.03667036895151e-14
1.97612255219089e-14
2.03747777217398e-14
1.98788816670762e-14
1.95092138008571e-14
1.96707760842953e-14
1.98263659025761e-14
1.96039343723697e-14
1.93181323793509e-14
1.9409359533628e-14
1.95147655617489e-14
1.9514815945091e-14
1.95153508490974e-14
1.93816458217294e-14
1.89703529494755e-14
1.81395742861571e-14
1.82408586229553e-14
1.8024401668887e-14
1.71300363747542e-14
1.71398309163644e-14
1.67872879205356e-14
1.71512439246972e-14
1.67563017669789e-14
1.66632917780018e-14
1.63994778474383e-14
1.63013445721112e-14
1.58870875352749e-14
1.56702845720185e-14
1.50442498833983e-14
1.48714585399386e-14
1.53844643304672e-14
1.5164105036976e-14
1.5080212385051e-14
1.42736197770864e-14
1.39791777729063e-14
1.40179843717853e-14
1.40758231853038e-14
1.35714738893534e-14
1.32393284182969e-14
1.32483524416099e-14
1.29125396948742e-14
1.22075700676655e-14
1.17430133976138e-14
1.15569004158756e-14
1.22817805595257e-14
1.24475967613741e-14
1.23518980049909e-14
1.22704389065545e-14
1.18038123839384e-14
1.22597437958924e-14
1.29948055223524e-14
1.18025907768959e-14
1.22608319372793e-14
1.19190606414515e-14
1.19369591374874e-14
1.18842005037843e-14
1.20460250529484e-14
1.1367314636272e-14
1.13958075559336e-14
1.13389121362755e-14
1.11684743097238e-14
1.09749957377861e-14
1.12578679238491e-14
1.16559877445014e-14
1.15435187980184e-14
1.10828227429093e-14
1.11080477847001e-14
1.12369381276138e-14
1.07632412352322e-14
1.0604650607384e-14
1.09721436221618e-14
1.04876703709972e-14
1.01820343971986e-14
1.01058579598524e-14
1.08017243674086e-14
1.07504600401517e-14
1.07804097605365e-14
1.12957885865812e-14
1.10223469860961e-14
1.07053439218451e-14
1.09429660291274e-14
1.05222644226841e-14
1.05678766959291e-14
1.02685376140662e-14
1.08329800066715e-14
9.99785052565144e-15
1.05208177822017e-14
1.0448881738516e-14
1.07187662065735e-14
1.03949525641939e-14
1.08538168783021e-14
1.03401837948478e-14
9.96706914353502e-15
9.96588830001259e-15
1.12327059437649e-14
1.13820445677177e-14
1.06043786006138e-14
1.0197774014647e-14
9.97174926196965e-15
1.04714555863811e-14
1.0645555253678e-14
1.04424007915515e-14
1.04959364364538e-14
1.02025945169804e-14
9.85855538178878e-15
1.016431852302e-14
1.0083575645828e-14
1.00427583512791e-14
1.02539994832583e-14
1.00466692960498e-14
1.04293441238761e-14
9.57839713107882e-15
1.06742383757524e-14
1.04822181950089e-14
1.01411354095569e-14
1.01617700844368e-14
1.01791358135414e-14
1.06893533714579e-14
1.07957423403876e-14
1.02399210395736e-14
1.01993589738391e-14
1.0385519621838e-14
1.07683669725474e-14
1.06826863855811e-14
1.04706177186179e-14
1.04423511530221e-14
1.00037371105829e-14
1.05461237382712e-14
9.64542118250926e-15
1.00831870017041e-14
9.84539019746383e-15
9.74008134928697e-15
9.87588838238165e-15
9.95740423342475e-15
9.71035303300956e-15
1.02848352966392e-14
1.01661272013947e-14
1.05480016493577e-14
1.01295992047988e-14
1.05241491257759e-14
9.45007457172732e-15
9.58536988792726e-15
9.16241405046533e-15
9.51515524017747e-15
1.02156196654237e-14
1.02671714017369e-14
1.00980403132898e-14
9.45497400092589e-15
1.0482067503227e-14
1.04496427859153e-14
1.06373610518668e-14
1.11218052450253e-14
1.14130406076045e-14
1.03820183934396e-14
1.07363681329935e-14
1.01314996104366e-14
1.02037123705837e-14
1.01405987631159e-14
9.91935556356919e-15
1.02693214755308e-14
1.04256278958395e-14
1.07180297972467e-14
1.03027158272325e-14
9.37270589403841e-15
1.00119788213449e-14
1.01678857301927e-14
9.85320748886061e-15
9.77929330327406e-15
9.23910244780925e-15
9.49636944616179e-15
9.91910282326509e-15
9.57652142481489e-15
1.01579601716074e-14
1.03371784524675e-14
9.42607984590958e-15
9.78848939145416e-15
9.81612895594632e-15
1.05561403681111e-14
1.03170047729019e-14
1.05234526189935e-14
1.05960876475003e-14
1.01211559003641e-14
1.08592523225851e-14
1.09421878445426e-14
1.09769570152064e-14
1.00525270324847e-14
9.59215007822002e-15
9.91109813774001e-15
9.99550269157371e-15
9.73300277367566e-15
9.85505966030601e-15
1.02643066626547e-14
9.82801050951067e-15
1.01738751211003e-14
9.96236682643056e-15
9.81238346189873e-15
1.03836602945759e-14
1.01560171498674e-14
9.96112536922287e-15
1.00250458141086e-14
1.03819061114379e-14
1.01704245002951e-14
1.01688153594613e-14
1.0390099100788e-14
1.11025851055465e-14
1.07778885605745e-14
1.11165568638821e-14
9.95275663318825e-15
1.01369088999932e-14
1.00453716516631e-14
1.0211475351714e-14
1.01862170647375e-14
1.05651464795448e-14
1.05616484947358e-14
1.02692396800708e-14
9.7976395250876e-15
9.93566860171987e-15
1.06330782081123e-14
1.11719361310339e-14
1.06989077929774e-14
1.10751526800533e-14
1.10817166472352e-14
1.00142621354924e-14
9.68034707073248e-15
9.59626203083343e-15
9.49643244478213e-15
1.00957737890257e-14
9.90153906134071e-15
9.88450073714799e-15
9.68367172754755e-15
9.94733465608109e-15
9.78858733278283e-15
9.80632658272466e-15
1.01237604370259e-14
1.01959689795998e-14
1.01608426050656e-14
1.01494223035571e-14
9.69652603924688e-15
9.58933645639618e-15
9.67748790323992e-15
9.76954712536135e-15
1.00483379409505e-14
9.54304752581978e-15
9.64645655013114e-15
1.02521370321242e-14
9.65842402966407e-15
1.01161720853895e-14
1.00015340166007e-14
1.00613515697353e-14
1.0159734106576e-14
1.04979475097687e-14
9.99829948359836e-15
1.0751037063115e-14
1.00158538911711e-14
9.94428505318131e-15
9.67957280199045e-15
1.00031440808685e-14
1.01794978878557e-14
1.00337066080565e-14
1.00234350063837e-14
1.007048850272e-14
1.04226894055663e-14
1.08503361933239e-14
1.07589232299262e-14
1.09665575677413e-14
1.06418703141995e-14
9.99795527997586e-15
9.77270555862621e-15
9.95227538908389e-15
1.0038177692881e-14
1.05094428638158e-14
1.00574083307168e-14
1.01636192657723e-14
1.0214030593811e-14
9.80462548214822e-15
9.42128820259168e-15
9.53032613008998e-15
9.52572470792905e-15
9.33605551443614e-15
9.36989545446267e-15
9.53870106397505e-15
9.57989836816623e-15
9.59408002529912e-15
1.01899774103551e-14
9.84590221485006e-15
9.82120114156266e-15
9.98707203142065e-15
9.92234055749095e-15
1.07788107663989e-14
9.75750700771631e-15
1.01336433991016e-14
1.06801071661427e-14
1.10812739800771e-14
9.97914514499674e-15
9.31215517632092e-15
9.51916869289718e-15
9.89747594570671e-15
9.85127881021103e-15
9.87762103373709e-15
1.07627332408357e-14
1.0354568766381e-14
1.03748305341076e-14
1.03690422148496e-14
1.02087487891609e-14
1.01011183514587e-14
1.02574630500658e-14
1.0412188485337e-14
1.0627364654509e-14
1.02241662769032e-14
9.82394911321173e-15
9.6158892266958e-15
1.00233273382358e-14
1.07696715997686e-14
1.11472949583857e-14
1.12726510820145e-14
9.74427920964345e-15
1.04469862247704e-14
1.04834421346661e-14
1.0430670076486e-14
1.06385492318315e-14
9.96048514602469e-15
1.03285818355437e-14
1.00760676627939e-14
9.99000698524302e-15
1.02882791615184e-14
1.00228668481661e-14
1.03377949288023e-14
1.01912251547148e-14
1.07563322207124e-14
1.13049481394019e-14
1.10350619598946e-14
1.03007874482869e-14
1.04022617438335e-14
1.04426213632862e-14
1.04738555573631e-14
1.03914640187441e-14
1.05517754593822e-14
1.0269552815239e-14
9.54092688158035e-15
9.7453334192748e-15
1.05577942180498e-14
1.00495225243387e-14
9.9171582773302e-15
9.57738589683377e-15
1.0270113985213e-14
9.68130101723069e-15
9.99161182867077e-15
1.05297776292943e-14
1.09077245435738e-14
1.04326331629454e-14
9.98198350078692e-15
9.87249794914229e-15
1.01001385467945e-14
9.93314675874752e-15
1.0775055035763e-14
1.05631943438372e-14
9.99248373265435e-15
1.02340352546708e-14
1.08711012528229e-14
9.70126236274632e-15
1.01118027170776e-14
9.82270091923102e-15
9.42751123801817e-15
9.53475885014875e-15
9.7052931994303e-15
1.04162608793984e-14
9.98543182635524e-15
1.06812440078154e-14
1.11782363513082e-14
1.06961992947139e-14
1.07658613792765e-14
1.02769367594914e-14
1.04076511404829e-14
1.02042950011204e-14
1.01856744341356e-14
9.92167271773747e-15
9.68737041259221e-15
9.56979655073545e-15
1.00488307622484e-14
9.3677826805322e-15
9.42494081742532e-15
9.62743362296079e-15
9.39203694856602e-15
1.04994507495904e-14
1.07594272955599e-14
1.04682542902849e-14
1.04865001932592e-14
1.00669232417126e-14
1.03449544419976e-14
1.04361422827223e-14
1.04616365503319e-14
1.06475416516502e-14
1.00774816569535e-14
1.00377102362565e-14
9.8835330715203e-15
9.75190321464029e-15
1.01441847577412e-14
1.05160548367559e-14
1.05020141690338e-14
1.02620916383759e-14
1.05135303752224e-14
1.01599662981022e-14
1.05415502292975e-14
1.08612442803742e-14
1.05410904915227e-14
1.02747051044036e-14
1.0679223231662e-14
1.09848429258865e-14
1.12257161788617e-14
1.053898350481e-14
1.01016384096923e-14
9.79790619654441e-15
1.05757013008671e-14
1.01095898447844e-14
1.03800570073927e-14
9.72552568114971e-15
9.32887886564178e-15
9.46254878877129e-15
9.30514378888193e-15
9.30877442363817e-15
9.35457780033763e-15
1.01023549913219e-14
9.91752261013174e-15
1.01879153683746e-14
1.02687094680754e-14
1.03149884108704e-14
1.02698753770536e-14
1.03634286948535e-14
9.95537841921314e-15
1.00082435682524e-14
1.01166471935315e-14
1.06111051898913e-14
1.05737745264159e-14
1.04540122280125e-14
1.05917306988317e-14
1.07284136331135e-14
1.00499591401496e-14
1.10577608007595e-14
1.08557448427435e-14
1.12411845578369e-14
1.07295053076954e-14
1.01748828627546e-14
1.04059371255952e-14
1.05685376746457e-14
1.0406355820342e-14
1.00243472686738e-14
9.99009077691727e-15
1.0514443484009e-14
1.00426199772835e-14
9.49323133516103e-15
9.20887442051471e-15
9.95594266027479e-15
1.0266363682482e-14
1.02305912045622e-14
9.81285909854765e-15
9.57015624744786e-15
1.00659871357295e-14
9.66853055521841e-15
9.73451321845841e-15
9.98550317102308e-15
1.00323980845541e-14
1.04109926022066e-14
1.0754164153921e-14
1.00050885702258e-14
1.02391831491863e-14
1.00741262450378e-14
1.01180217441297e-14
9.69817777964073e-15
9.63487355903743e-15
1.01029514803639e-14
1.00318615160495e-14
1.03427203102561e-14
1.03981560806106e-14
1.05006537590932e-14
1.08200715646389e-14
9.99023214793562e-15
9.96346658204677e-15
9.40354739603319e-15
9.69715908300229e-15
1.01929766113308e-14
9.75817909112686e-15
1.06596847855377e-14
1.12637825477613e-14
1.11356378823877e-14
1.06666733016515e-14
1.04572214089774e-14
1.00467928856675e-14
1.00776639058121e-14
1.00640564458002e-14
1.03962023047492e-14
1.05623870942487e-14
9.62717836397114e-15
9.80836617027224e-15
1.03131619266628e-14
1.05212211375019e-14
1.02386412873689e-14
1.02141972566941e-14
1.0745535570672e-14
1.01226700931247e-14
9.65730013676131e-15
1.00704552609544e-14
1.02154596376653e-14
1.08593475908021e-14
1.08545828059959e-14
1.03503453223692e-14
1.02245536885007e-14
1.07649445743757e-14
1.05761249361767e-14
1.1029093943689e-14
1.05908371370195e-14
1.10564301220599e-14
1.10326977233436e-14
1.10469476506523e-14
1.01719447061475e-14
1.04847999919968e-14
1.01995161862685e-14
1.04583416849191e-14
1.02451130153291e-14
1.06175617210536e-14
1.0577278053482e-14
9.92221401267288e-15
1.0523457857429e-14
9.87842692110779e-15
9.77424646154815e-15
9.94908224211556e-15
9.83020191331918e-15
1.0081809142078e-14
1.00335409066513e-14
1.05450679894884e-14
1.02511045999502e-14
1.01517152650611e-14
1.00078749015127e-14
9.87310617044628e-15
1.02990924425928e-14
1.05584901882502e-14
1.07674861959175e-14
1.0572248318622e-14
1.0787990861327e-14
1.05429501004538e-14
1.04735601544262e-14
1.04482590420813e-14
1.01082039420641e-14
1.02706718615812e-14
1.00561667987205e-14
1.07846921061255e-14
1.08737981119064e-14
1.06747423461204e-14
1.03618213777253e-14
1.0226562150754e-14
9.86370878608616e-15
1.0275146915283e-14
1.02983328931367e-14
9.92719676167337e-15
1.0069069971892e-14
9.98368227461781e-15
1.03630069206634e-14
9.62309635748294e-15
9.72821797257353e-15
1.01901639425954e-14
9.3430100961114e-15
9.9156262953843e-15
9.5025674832357e-15
9.60263045972751e-15
9.96292584174262e-15
9.6564035308234e-15
9.95424893456466e-15
9.66489601388393e-15
1.07916704088843e-14
9.93757348380937e-15
1.03028473569299e-14
1.09824500393014e-14
1.03145477369194e-14
1.00105090366396e-14
1.03369267446953e-14
1.05635136177417e-14
1.01642871314439e-14
1.04224010910505e-14
1.0266098159985e-14
1.01098358908061e-14
9.91669307068797e-15
1.05986526075063e-14
1.00231001928441e-14
9.7734816623934e-15
9.39750830503689e-15
9.32466712239837e-15
9.80367755022887e-15
9.59041475757373e-15
9.83911038041183e-15
9.54241096486091e-15
9.65780296583899e-15
1.03706175156541e-14
1.05310498484743e-14
1.00824506399898e-14
1.00391701205823e-14
9.97377384843043e-15
9.79135734797432e-15
1.02436618094212e-14
1.00198005620625e-14
1.01246849704933e-14
9.88481524190933e-15
9.84759854191307e-15
9.66685274276204e-15
1.07089763217865e-14
1.03470151405856e-14
1.04945561176879e-14
1.09547768857448e-14
1.01755964429691e-14
1.0259140892862e-14
1.02694646074467e-14
9.87453859151851e-15
1.03100732742281e-14
1.01001151753145e-14
1.05868701425986e-14
1.05582434423757e-14
1.03918608716893e-14
1.02936411215939e-14
9.65403537582631e-15
9.88729770514419e-15
9.93815651818598e-15
9.91429121938187e-15
9.99822898957954e-15
1.03592682856202e-14
1.03610463874377e-14
1.06058722293097e-14
1.00084941109543e-14
1.00301795991757e-14
9.82295787615427e-15
9.47466295300784e-15
9.73767046874975e-15
9.91983113724085e-15
9.18854638155118e-15
9.39268512433746e-15
1.0059967004975e-14
1.01012454372299e-14
9.78099024178844e-15
1.03677376578292e-14
1.04038242398376e-14
1.01138778623718e-14
1.06222786174426e-14
1.09009559043828e-14
1.05499754165319e-14
1.05427521505845e-14
1.01232348305887e-14
1.0285513801808e-14
9.83945472135815e-15
1.07151497461755e-14
1.05325764815449e-14
1.08367933733736e-14
1.07333722643496e-14
1.05117781489802e-14
1.06757928343263e-14
1.04491620791758e-14
1.00662908428705e-14
9.29395709200488e-15
1.00104983210965e-14
1.01642235828849e-14
9.6567226609406e-15
9.83869356386073e-15
9.97240533527211e-15
1.00360916919645e-14
1.05406547367731e-14
1.03871411989702e-14
9.80638880881195e-15
9.84426529019977e-15
9.91600296515486e-15
1.04991028797663e-14
9.58459548498704e-15
9.52330119657613e-15
1.01412154116542e-14
1.03528017705713e-14
9.7644419898998e-15
9.86595915698594e-15
9.91687851483991e-15
1.00486401565382e-14
9.83113607599706e-15
1.01902113478585e-14
1.03153617216663e-14
9.90818912882092e-15
1.05192269498495e-14
1.07497233656353e-14
1.04550688271661e-14
9.90648518503792e-15
9.75627437912331e-15
1.01183912591122e-14
9.61830485154099e-15
9.98971973850954e-15
9.9539468247036e-15
9.66183357585812e-15
9.54993565710053e-15
1.02395281474814e-14
9.86281706073165e-15
1.05654723962081e-14
1.0368971121314e-14
1.00153214447464e-14
1.05902669265256e-14
1.01952982109279e-14
1.03489032057037e-14
1.04040348573085e-14
1.00153264366395e-14
9.84908820257208e-15
9.61910248776967e-15
9.05898898370887e-15
9.72435362038302e-15
9.96054531290207e-15
1.08131296983958e-14
1.0396870282112e-14
9.98925329671471e-15
9.54047472861953e-15
9.50275372701794e-15
9.45290061365066e-15
9.79337286849875e-15
9.27942478318779e-15
1.00736395868363e-14
9.77666041809691e-15
9.46857334417205e-15
9.75817758505704e-15
1.00970186209413e-14
1.05215465370812e-14
1.0542077014691e-14
1.00530534409955e-14
9.96760378610087e-15
1.0216428954998e-14
9.7685402730792e-15
9.91293063625678e-15
1.00912738975604e-14
1.09369885454507e-14
1.08522955542937e-14
1.04132323535335e-14
1.05814869202256e-14
1.0119491788474e-14
1.04177926574603e-14
1.02053416349891e-14
9.78271982814393e-15
1.0688264915479e-14
1.07477336948176e-14
9.79002604088447e-15
9.95008608862175e-15
9.75896464771423e-15
9.97200064810453e-15
9.9075370088769e-15
9.70492301411196e-15
9.77317531041035e-15
9.04597920874284e-15
9.31544203574656e-15
9.66748966980101e-15
9.78295376539921e-15
9.94281915274429e-15
1.01702732611784e-14
1.02575428162735e-14
9.93839519568768e-15
1.02296440811802e-14
1.06191819969893e-14
1.07736511142245e-14
1.05477528577544e-14
1.03562825341997e-14
1.0868254141998e-14
9.98007649406732e-15
9.73096010999276e-15
9.36428241545797e-15
9.73201833449619e-15
1.04161178942027e-14
1.02996879657386e-14
9.93758274767772e-15
1.03424379647242e-14
1.05627075084787e-14
1.01381481815159e-14
1.05645387446802e-14
1.08374362575814e-14
1.08820077163311e-14
1.03956708999437e-14
1.04660874461045e-14
1.00863813030409e-14
9.8247103297306e-15
1.00693757190858e-14
1.01760783775534e-14
9.96987241519117e-15
9.72927594903238e-15
9.70426666010076e-15
9.70187414170144e-15
1.01567963565956e-14
1.01130422608986e-14
1.02975293046099e-14
1.05416302436098e-14
9.96537100330032e-15
9.97978326048322e-15
1.0412204705322e-14
1.05994364931682e-14
1.05655683663966e-14
1.03675071605818e-14
1.00320805861802e-14
9.89275297546664e-15
9.9297323065592e-15
1.05868073505711e-14
1.10379803524518e-14
1.06378673116667e-14
1.00850613656578e-14
1.05091913678952e-14
1.10431434622041e-14
1.03534774523149e-14
1.07736823643883e-14
1.07196084431644e-14
1.04329314673203e-14
1.08729060917203e-14
1.06200733475077e-14
1.02308327700787e-14
1.04641307106297e-14
1.04712914092563e-14
1.06544987710118e-14
1.05212021667867e-14
9.98292087562703e-15
9.90502412057548e-15
9.93544937426778e-15
1.02720676980453e-14
1.03059448127238e-14
9.77330033785884e-15
1.01663694186447e-14
1.00218321675796e-14
9.73522520436838e-15
1.03631130695474e-14
1.00879056854779e-14
1.03826385817761e-14
1.04928106712064e-14
1.05289111212958e-14
1.05966038884336e-14
9.58617761455205e-15
9.63860089568915e-15
9.14012218805286e-15
9.47285140846044e-15
9.7948683586544e-15
1.02119940123396e-14
9.99247691414253e-15
9.30523489798482e-15
9.55049284575428e-15
9.51346257911801e-15
9.82486060894094e-15
1.08160231133556e-14
1.06826244660002e-14
9.98337037262689e-15
1.01358631196701e-14
1.02914893436082e-14
9.7634764013974e-15
9.43308586234365e-15
9.11486002836374e-15
9.51599625256745e-15
1.05138978248426e-14
1.00788628312003e-14
9.4061973068581e-15
1.02065328222989e-14
1.00687751071171e-14
9.69261270951592e-15
9.84145277167218e-15
9.73735168863576e-15
1.03090300259033e-14
1.02908866452657e-14
1.01615130917243e-14
9.51809988374554e-15
9.2698326127652e-15
9.80113258365764e-15
9.96046533638471e-15
1.01683865241856e-14
9.83686224429441e-15
1.02142642540025e-14
1.01501130837419e-14
9.42536872737851e-15
9.58238874918464e-15
9.91769762301182e-15
9.72213569557836e-15
1.00742349571044e-14
1.01338850822175e-14
9.43505084145654e-15
9.48221622826332e-15
1.06015679769757e-14
1.12073610479315e-14
1.01631385353982e-14
1.06071331653193e-14
1.01311635808177e-14
1.05903668753174e-14
1.05509265768133e-14
1.05506213099291e-14
1.02849698561035e-14
9.81496445894096e-15
9.77304920869059e-15
1.00142457545928e-14
9.96182979479034e-15
1.03199116453427e-14
9.7096092981595e-15
1.0145727372523e-14
9.95159210834678e-15
1.00166375541403e-14
1.00584862489132e-14
1.05567195938193e-14
1.01336045954197e-14
9.58071519596593e-15
9.86628911187813e-15
9.63121234750446e-15
1.02038984439906e-14
9.83916668595859e-15
9.54539582354013e-15
9.52144595859664e-15
9.13176123258502e-15
9.57974175849927e-15
8.89808512525621e-15
9.46894595499292e-15
8.9027120450215e-15
8.88861887896397e-15
9.27818755418918e-15
9.92382898317306e-15
1.01918507735607e-14
1.04045048988968e-14
9.75815563643178e-15
1.02266222813729e-14
9.95895803567816e-15
9.79258075040585e-15
9.81654805473434e-15
9.40796266718257e-15
9.47157602066325e-15
9.94606253651875e-15
1.00986996544642e-14
1.02136561837969e-14
9.63523453704554e-15
1.00338682981297e-14
9.97667469533613e-15
9.68187240377592e-15
9.99014402333264e-15
9.79623944065951e-15
9.51996105628644e-15
1.01470973615539e-14
9.55756999307459e-15
9.35994645290622e-15
1.06020061256239e-14
1.01602796705336e-14
1.01058056414309e-14
1.02599601865103e-14
9.90127764469632e-15
1.04221502979116e-14
9.88941954816929e-15
1.04964960454595e-14
1.0061617218121e-14
1.03529704521329e-14
1.02217897791158e-14
1.02813034530512e-14
