6.50291832097258e-13
6.1263487708825e-13
6.22392957064441e-13
4.90998579766685e-13
3.79339395642889e-13
3.4165105867083e-13
3.27779799331724e-13
2.84052045284752e-13
2.65431614100369e-13
2.61815089678514e-13
2.47565216516501e-13
2.25587078146232e-13
2.07975781973913e-13
1.98973958178464e-13
1.9160591268388e-13
1.81541327896439e-13
1.73441718351095e-13
1.67944162337685e-13
1.60605568743234e-13
1.53698699955028e-13
1.47059736679267e-13
1.42847413496594e-13
1.39576509753443e-13
1.3578879803834e-13
1.31583485484475e-13
1.24440778010913e-13
1.21648107446782e-13
1.1555215190737e-13
1.12039115042907e-13
1.08328105626365e-13
1.06558474330918e-13
1.05164219738092e-13
1.02936868014806e-13
1.00053855767833e-13
9.67778663494698e-14
9.43298427938173e-14
9.25614356562057e-14
8.95085054634546e-14
8.76086214967582e-14
8.58700196842453e-14
8.43162740765297e-14
8.35926713076169e-14
8.4545956465688e-14
8.3166868875231e-14
8.13402837171497e-14
7.92164502082862e-14
7.73422530466477e-14
7.44585681463543e-14
7.22647601116636e-14
6.9453056101154e-14
6.80590223007431e-14
6.53190789846694e-14
6.52038196497967e-14
6.54082779093541e-14
6.62757147909545e-14
6.75837075121535e-14
6.68369178015045e-14
6.75018339520799e-14
6.59109398556461e-14
6.5279470354674e-14
6.5350383674847e-14
6.54495207726169e-14
6.39018622187478e-14
6.42671552616927e-14
6.43936405994787e-14
6.37851016278139e-14
6.33153229893231e-14
6.30768769457948e-14
6.13671202526486e-14
6.05026813748875e-14
5.95713028007744e-14
5.72740513905555e-14
5.68598425655692e-14
5.74780541633235e-14
5.79641692652838e-14
5.75810762570914e-14
5.73931201056723e-14
5.73890015964349e-14
5.63547457690364e-14
5.54316826785162e-14
5.47464669234341e-14
5.34832278925192e-14
5.1994401663437e-14
4.96558168721763e-14
4.83984080445449e-14
4.7293718147231e-14
4.45236846283951e-14
4.38331252108094e-14
4.2421691937004e-14
4.29648213792124e-14
4.36549945706013e-14
4.29156687271835e-14
4.27299608479601e-14
4.22161752720421e-14
4.0719628024319e-14
4.16541368399149e-14
3.99353022633829e-14
4.04304430665064e-14
4.03739659443724e-14
3.84515097288422e-14
3.69179935624394e-14
3.65420314829854e-14
3.56596757983864e-14
3.53902285748974e-14
3.57674710302248e-14
3.49790856128316e-14
3.46447700008621e-14
3.40073491303278e-14
3.45024600441487e-14
3.33219632675744e-14
3.31203482079804e-14
3.32761989301325e-14
3.36093151544546e-14
3.17851961219073e-14
3.20194722036065e-14
3.19959553082817e-14
2.98206223822702e-14
3.04733440172372e-14
3.21880429075603e-14
3.02988999629837e-14
2.94186298205943e-14
2.97233996932876e-14
2.98674708349064e-14
3.02291253053305e-14
3.01074057822951e-14
2.95502690423349e-14
2.88095192327373e-14
2.80245323524852e-14
2.95116072378647e-14
2.91938979290781e-14
2.87109290472347e-14
2.77072971977054e-14
2.72486400018986e-14
2.57392170416189e-14
2.60542393025117e-14
2.61459057558578e-14
2.61152131727393e-14
2.6221395419331e-14
2.61607429464044e-14
2.54742493927636e-14
2.56666003126259e-14
2.69317839805639e-14
2.77809958954131e-14
2.44272088434045e-14
2.45765429670435e-14
2.58817731870409e-14
2.58365792266359e-14
2.58546346950921e-14
2.50611974075817e-14
2.65853073275823e-14
2.50290000734874e-14
2.55097554455352e-14
2.5822241637446e-14
2.57591243402337e-14
2.58049194996107e-14
2.6580060588981e-14
2.62970428563136e-14
2.67727714401777e-14
2.65221971036298e-14
2.65102024521335e-14
2.57097059334322e-14
2.54350520585099e-14
2.48378731409267e-14
2.4760240741558e-14
2.49203985624907e-14
2.6269919247618e-14
2.66329655399472e-14
2.54928983265671e-14
2.52458549776769e-14
2.39115108879269e-14
2.6047765765482e-14
2.66694649387984e-14
2.6667911649806e-14
2.70456973441194e-14
2.71584691052101e-14
2.60234908255079e-14
2.56665535533499e-14
2.53983347774368e-14
2.58912177038204e-14
2.65935738930042e-14
2.54019591289087e-14
2.53101743571228e-14
2.42393130600303e-14
2.39602444417839e-14
2.50095752076327e-14
2.44172025434438e-14
2.41700660152561e-14
2.48368956431505e-14
2.54264039305905e-14
2.55664338140527e-14
2.54865713277886e-14
2.46809136419459e-14
2.471419736558e-14
2.50917425037019e-14
2.51177231073022e-14
2.52615979467259e-14
2.47653496133354e-14
2.46072476480152e-14
2.53173666499458e-14
2.51202416751518e-14
2.60796764422615e-14
2.59811221464276e-14
2.59839238354648e-14
2.56076778728452e-14
2.47017346073546e-14
2.3627081079092e-14
2.52220873788771e-14
2.65537913681933e-14
2.53539321096769e-14
2.51874382733697e-14
2.5270189326552e-14
2.48429252310563e-14
2.49460145609963e-14
2.500542962547e-14
2.46309959871281e-14
2.51372644471393e-14
2.42681366111996e-14
2.51831127404988e-14
2.50458027109233e-14
2.43942015296637e-14
2.46157274064565e-14
2.40362394881739e-14
2.52071655317088e-14
2.4904840755352e-14
2.57015391044211e-14
2.37588829430866e-14
2.37722214549952e-14
2.38119281134497e-14
2.50466983241312e-14
2.5178449915611e-14
2.55841119486191e-14
2.48085426235017e-14
2.6005583831083e-14
2.46574861635951e-14
2.58870489187038e-14
2.43598683916572e-14
2.45509146120553e-14
2.36387324377448e-14
2.4221741689833e-14
2.53463400589652e-14
2.52005149727108e-14
2.48705176650298e-14
2.50627686806864e-14
2.57759852421688e-14
2.69457554881809e-14
2.78359076089225e-14
2.65273529881249e-14
2.62879240887601e-14
2.74979916150207e-14
2.80895564404638e-14
2.5521814579989e-14
2.56216188618722e-14
2.40643467345217e-14
2.43461626395437e-14
2.51919847042428e-14
2.50148280388239e-14
2.41885640829121e-14
2.39546997707218e-14
2.46109872323609e-14
2.36018839296327e-14
2.42873139952812e-14
2.48392678017203e-14
2.34304469028039e-14
2.41145615881394e-14
2.39413517605445e-14
2.42470075413422e-14
2.48038375882309e-14
2.54672555567637e-14
2.3232563939437e-14
2.38520558051579e-14
2.45981735841332e-14
2.35158401677762e-14
2.35085061810084e-14
2.30003980799393e-14
2.37287517389012e-14
2.37197768619344e-14
2.36681610337989e-14
2.40088745878772e-14
2.32074971367887e-14
2.39660568133595e-14
2.47410090172925e-14
2.44993029891791e-14
2.54302890833444e-14
2.4397085398627e-14
2.38929247613234e-14
2.45518506302851e-14
2.60162206236615e-14
2.54692071262777e-14
2.34381787112341e-14
2.43727376173677e-14
2.49208963877811e-14
2.389726502876e-14
2.36652885820718e-14
2.44140628435031e-14
2.45901561479003e-14
2.44236078086104e-14
2.45963018781284e-14
2.49127708941943e-14
2.50333942555265e-14
2.37934234509261e-14
2.33442729439801e-14
2.51505854859824e-14
2.47769498164629e-14
2.48225669015333e-14
2.35615914475015e-14
2.45801237664457e-14
2.44430273266273e-14
2.45509318210332e-14
2.5465431198444e-14
2.54881810018267e-14
2.60805996478382e-14
2.48472274955104e-14
2.4462913848553e-14
2.46857646261129e-14
2.58300661524314e-14
2.41642323531984e-14
2.43528961658491e-14
2.30678180116298e-14
2.42357164370334e-14
2.46698734450723e-14
2.46659575675841e-14
2.55042546617213e-14
2.46182874075679e-14
2.46355951409284e-14
2.35634695959508e-14
2.4033445232268e-14
2.40970116349811e-14
2.49704762991669e-14
2.47762982468943e-14
2.39484704264394e-14
2.4804633310935e-14
2.36096965946397e-14
2.41163295981184e-14
2.36420622448391e-14
2.37580688791375e-14
2.53506385496067e-14
2.63764283775235e-14
2.50023869313881e-14
2.34398810567345e-14
2.39680928640343e-14
2.31124959121015e-14
2.31981893420074e-14
2.31379953374437e-14
2.41198943346042e-14
2.491047980268e-14
2.57439511823625e-14
2.42648973529241e-14
2.42002670115252e-14
2.34939144453572e-14
2.38936530852508e-14
2.40667479815731e-14
2.41604463627841e-14
2.41015802570807e-14
2.4186377165829e-14
2.46890629180248e-14
2.40676713117665e-14
2.41567110553613e-14
2.41135984451737e-14
2.4592514619723e-14
2.52341320749591e-14
2.53761271351563e-14
2.47471867072892e-14
2.4710158816648e-14
2.42769030802981e-14
2.478612152535e-14
2.4743050027343e-14
2.46285380462131e-14
2.42889755484412e-14
2.4999235164365e-14
2.57145865072785e-14
2.62056527467967e-14
2.58602386364721e-14
2.50483828963059e-14
2.5905062473113e-14
2.56722382020119e-14
2.52945334502031e-14
2.49917743928363e-14
2.58194930689887e-14
2.49298637001103e-14
2.44609626140049e-14
2.35581096983097e-14
2.39211405312822e-14
2.43022768724191e-14
2.38419548611555e-14
2.3223219180949e-14
2.36009607503334e-14
2.37244465792599e-14
2.38414351752355e-14
2.28425585178739e-14
2.33324479800296e-14
2.3318319889729e-14
2.3400266675856e-14
2.44310983242575e-14
2.40217955699278e-14
2.3279210123907e-14
2.35577930457446e-14
2.35056782507328e-14
2.34666404710393e-14
2.30789701852844e-14
2.33806501205142e-14
2.36636602946075e-14
2.32001304680192e-14
2.30741158257539e-14
2.30106446986992e-14
2.31558128445829e-14
2.33451994872167e-14
2.31429020261875e-14
2.40604493146366e-14
2.26214267044079e-14
2.30407805795088e-14
2.32802126239051e-14
2.46439229895582e-14
2.41548417005658e-14
2.46919774212023e-14
2.41164270372225e-14
2.30823414899454e-14
2.31085909045977e-14
2.4017377942468e-14
2.39864417201931e-14
2.34445376480795e-14
2.33984588626593e-14
2.34624783323309e-14
2.3539706750032e-14
2.38514690863287e-14
2.45897081482938e-14
2.48370692722672e-14
2.33210977828307e-14
2.41667709907063e-14
2.36490899549159e-14
2.43975515999995e-14
2.37333962958822e-14
2.42737599590209e-14
2.42307647874892e-14
2.32367956856336e-14
2.30032318138496e-14
2.28015656787016e-14
2.33566739443482e-14
2.35230607715957e-14
2.40272095166831e-14
2.39097649165359e-14
2.47833863824728e-14
2.38600765856939e-14
2.54749058398588e-14
2.60204873474721e-14
2.54410080699742e-14
2.51913006483198e-14
2.42021002048445e-14
2.50434608766732e-14
2.3862563512791e-14
2.5050934556716e-14
2.56636689597988e-14
2.40882179190438e-14
2.43083547837226e-14
2.62648506831239e-14
2.45615876182598e-14
2.43564469245608e-14
2.47541360574156e-14
2.55723716049144e-14
2.53481445689627e-14
2.54743158150053e-14
2.45688221458161e-14
2.51220109978828e-14
2.50672616297776e-14
2.49198629125012e-14
2.406773474924e-14
2.3569320843973e-14
2.5092352725924e-14
2.37367696099287e-14
2.50493942605936e-14
2.46251244447952e-14
2.34959058680509e-14
2.32724969386578e-14
2.34415583289395e-14
2.38669067463136e-14
2.33642620767342e-14
2.32468348748856e-14
2.43989347839687e-14
2.41257395943988e-14
2.40879348176229e-14
2.35459411735891e-14
2.27364397791459e-14
2.33617704573582e-14
2.39045955181089e-14
2.49512241657361e-14
2.35934510613059e-14
2.40553285000743e-14
2.31844248124209e-14
2.36898029255896e-14
2.41787199040825e-14
2.46563121192092e-14
2.5571967871036e-14
2.33794000090719e-14
2.42693107891908e-14
2.47659742216107e-14
2.54702964609373e-14
2.58659156413534e-14
2.43324883349528e-14
2.58442994127694e-14
2.45295366658232e-14
2.57297940865879e-14
2.54566078205254e-14
2.43529384221598e-14
2.3874035936735e-14
2.50589740253018e-14
2.45781876643349e-14
2.48037992743072e-14
2.39650235033515e-14
2.47443832394073e-14
2.35364632891051e-14
2.47994425118631e-14
2.52996107555785e-14
2.51043791693078e-14
2.60405307085699e-14
2.50842759671232e-14
2.42219948263736e-14
2.48345689630747e-14
2.36889686824463e-14
2.41266732816291e-14
2.42894853116422e-14
2.41547932768003e-14
2.48279075815837e-14
2.47886835131692e-14
2.52821296150022e-14
2.51403243039577e-14
2.41758965234531e-14
2.41092674182369e-14
2.58092752068189e-14
2.51206417723027e-14
2.45267792281483e-14
2.36723154697486e-14
2.36136098571713e-14
2.52056664625342e-14
2.40692215087835e-14
2.65608386623863e-14
2.40107935148941e-14
2.37180231942996e-14
2.5155703653263e-14
2.3739390732079e-14
2.33770437846167e-14
2.45087699462923e-14
2.57011988276674e-14
2.51168927574079e-14
2.31131208742529e-14
2.39530997205878e-14
2.41668522978757e-14
2.35400994854106e-14
2.38197911542016e-14
2.45674068589864e-14
2.5480784473022e-14
2.45202824874932e-14
2.45911150046048e-14
2.60021403249627e-14
2.50704949734312e-14
2.38033752448695e-14
2.40538477995592e-14
2.57902557120539e-14
2.47977295660873e-14
2.44154582859682e-14
2.3988833014038e-14
2.42966733771014e-14
2.54180777687072e-14
2.50797662727898e-14
2.51438091801925e-14
2.48641212251634e-14
2.43349229571351e-14
2.41479802633352e-14
2.51916784760126e-14
2.331394886915e-14
2.34919017561474e-14
2.40503178715183e-14
2.32266903298079e-14
2.33384976155178e-14
2.52547759711518e-14
2.46258568135243e-14
2.35255117504925e-14
2.41286731174504e-14
2.37163391096522e-14
2.40072009884791e-14
2.3365379128802e-14
2.34860532754255e-14
2.34228347729498e-14
2.48305173833723e-14
2.43973863470285e-14
2.39668130586756e-14
2.33855893756833e-14
2.39257933650802e-14
2.48119670467888e-14
2.56786351139171e-14
2.51457221148613e-14
2.37135608013159e-14
2.4846265579713e-14
2.44141778845832e-14
2.42099933769466e-14
2.26923045564434e-14
2.42524105542842e-14
2.43711397837131e-14
2.42822571333199e-14
2.42686746560848e-14
2.44898042344937e-14
2.51865581428441e-14
2.38836869321251e-14
2.31478589989555e-14
2.3598607933036e-14
2.46387475893086e-14
2.42669102388071e-14
2.38247430284016e-14
2.47073565278318e-14
2.39459348146716e-14
2.43328850164608e-14
2.42415276975437e-14
2.48916884580171e-14
2.58793118199024e-14
2.51859508754532e-14
2.31252522519422e-14
2.25266601063922e-14
2.40513085126047e-14
2.46067328076561e-14
2.5004725326393e-14
2.32435160254073e-14
2.34045811954179e-14
2.38260583492021e-14
2.38441581923254e-14
2.50329438025707e-14
2.41846991305747e-14
2.48611631313205e-14
2.41373785959195e-14
2.4607692264642e-14
2.36432009176161e-14
2.37929265945839e-14
2.31939742741314e-14
2.4000547863971e-14
2.37662343224731e-14
2.55984604790627e-14
2.43939846630471e-14
2.4723016136781e-14
2.54432467236413e-14
2.51729837845749e-14
2.39081295003871e-14
2.51508603454591e-14
2.56427235534488e-14
2.46220722628566e-14
2.52161874188163e-14
2.40978697655225e-14
2.392210707136e-14
2.46979921315729e-14
2.48167024018964e-14
2.45225572304258e-14
2.50451713992634e-14
2.5090856357813e-14
2.3667210122077e-14
2.25129177935549e-14
2.35244520759867e-14
2.4887302538047e-14
2.33823467466156e-14
2.39891745365607e-14
2.30214799566906e-14
2.40021313942336e-14
2.42659422991369e-14
2.44324112318181e-14
2.37586207008256e-14
2.33471316888058e-14
2.43409069921338e-14
2.36405971264059e-14
2.3707500654738e-14
2.42800646452752e-14
2.48899578460865e-14
2.42785078544046e-14
2.40910174936418e-14
2.39258279213708e-14
2.38705688807398e-14
2.53848715265612e-14
2.54794876933579e-14
2.48333519943236e-14
2.40871680206053e-14
2.33155358494405e-14
2.48344849476168e-14
2.50751981298394e-14
2.60071724887347e-14
2.49771841748369e-14
2.36267273053519e-14
2.50087128142783e-14
2.44610173420257e-14
2.27051015402251e-14
2.42053935312147e-14
2.36953930931633e-14
2.40741367142986e-14
2.47936878633605e-14
2.44846089359769e-14
2.4863756168683e-14
2.42835969970961e-14
2.38636291441444e-14
2.34868151758628e-14
2.39522542720733e-14
2.43486055040924e-14
2.32313294748582e-14
2.59272300433069e-14
2.53605340401534e-14
2.38847400944905e-14
2.36934869780767e-14
2.42920765629283e-14
2.42738487617085e-14
2.35893267795013e-14
2.47451157815525e-14
2.44953321946886e-14
2.36841043823697e-14
2.42589321947958e-14
2.42415509019299e-14
2.38341544741114e-14
2.47102707724485e-14
2.53236247458387e-14
2.52466981101949e-14
2.45753071307353e-14
2.50242814143988e-14
2.43820545495328e-14
2.42734405554314e-14
2.59258865703577e-14
2.44096650849634e-14
2.47471111679389e-14
2.49572327144938e-14
2.57373059128996e-14
2.50150584305362e-14
2.49440747818185e-14
2.58033364965156e-14
2.61634686678699e-14
2.46612959070554e-14
2.39343490904288e-14
2.44005357671248e-14
2.29984746138072e-14
2.44043730330761e-14
2.33804342784731e-14
2.52774617587382e-14
2.44922853236152e-14
2.44344943858317e-14
2.29823192565453e-14
2.5762391746188e-14
2.48995823946715e-14
2.40452067444171e-14
2.46497218290568e-14
2.47800399725382e-14
2.43722943170696e-14
2.45322394104739e-14
2.40912465621693e-14
2.32909807116871e-14
2.44111623925828e-14
2.60136923136842e-14
2.48985265431111e-14
2.46278796867011e-14
2.56054056787155e-14
2.49347350720745e-14
2.51267048977338e-14
2.50966190340547e-14
2.46204565899575e-14
2.49767303567522e-14
2.52622091874022e-14
2.42206670886426e-14
2.53201333435962e-14
2.74014863937199e-14
2.61323736542477e-14
2.47533618025957e-14
2.40507356181855e-14
2.46165796948529e-14
2.64211258182046e-14
2.46441913676468e-14
2.36340061954121e-14
2.46682652613283e-14
2.40911201229086e-14
2.4984788449135e-14
2.35571273198965e-14
2.4682672728873e-14
2.43611834078217e-14
2.44540678617672e-14
2.42542674813043e-14
2.48456241105349e-14
2.41145737455908e-14
2.54434369831335e-14
2.38933173070843e-14
2.52241020016925e-14
2.55813244394634e-14
2.53015709033491e-14
2.48965243975316e-14
2.30673686847722e-14
2.38038544858523e-14
2.3086911787214e-14
2.28736626549106e-14
2.26086034405165e-14
2.21936609146601e-14
2.38441782211192e-14
2.4685840790272e-14
2.37007739144602e-14
2.36841484498322e-14
2.52386935939051e-14
2.36977842064078e-14
2.3834229001662e-14
2.35387930246286e-14
2.44179067347981e-14
2.37412815614222e-14
2.35928092488633e-14
2.34657274009424e-14
2.39094269681438e-14
2.33428543940692e-14
2.26315974258542e-14
2.37563494925001e-14
2.44171872245435e-14
2.42873094791201e-14
2.4411782242633e-14
2.60748978906996e-14
2.60441564261756e-14
2.56868732455456e-14
2.43298390832645e-14
2.44948524684256e-14
2.26744647464131e-14
2.41282036676239e-14
2.43236435804614e-14
2.41774877184114e-14
2.33238543783785e-14
2.37007357535478e-14
2.35448420687997e-14
2.43535500451802e-14
2.46488012544158e-14
2.47308496815408e-14
2.45885123587147e-14
2.5155933140521e-14
2.5205333949414e-14
2.45661730094016e-14
2.39381612721366e-14
2.28397106166169e-14
2.32644648854239e-14
2.49674660210253e-14
2.39993030778405e-14
2.3502476011976e-14
2.31767042246515e-14
2.24779083378404e-14
2.31508745642129e-14
2.39797165523481e-14
2.36766744945551e-14
2.46922376838726e-14
2.4926434714223e-14
2.44554285333096e-14
2.3772086464449e-14
2.38553508779133e-14
2.38789663569705e-14
2.4785905961633e-14
2.49500696280761e-14
2.40689090945234e-14
2.44546971794143e-14
2.38607639565601e-14
2.52258417064882e-14
2.32851093805316e-14
2.46244738151487e-14
2.39621301484606e-14
2.34439101393421e-14
2.39538610472262e-14
2.34114072348114e-14
2.26150218178977e-14
2.35130288880418e-14
2.43171313141997e-14
2.36192720373068e-14
2.29969167208982e-14
2.47663875674268e-14
2.39450566055876e-14
2.41493735235982e-14
2.46081402293216e-14
2.47085846069476e-14
2.39418997086647e-14
2.49025191516064e-14
2.54270886217656e-14
2.47128147755893e-14
2.37259228232678e-14
2.41649599107148e-14
2.29582730029759e-14
2.2998348813688e-14
2.37856768613296e-14
2.49723818570482e-14
2.46421338770092e-14
2.37157373643369e-14
2.29710406270201e-14
2.47712072857085e-14
2.36259252535106e-14
2.45690549965676e-14
2.37312608701586e-14
2.32938301592876e-14
2.27596138334542e-14
2.37218537066822e-14
2.36993494082687e-14
2.30014415661792e-14
2.45507455510025e-14
2.42984128580071e-14
2.40467651345517e-14
2.4491781629456e-14
2.43328727994908e-14
2.52945112523674e-14
2.44651434047449e-14
2.53514714125675e-14
2.40302842216419e-14
2.38119915967586e-14
2.50784689751074e-14
2.4886455283308e-14
2.38837853911259e-14
2.39499681079262e-14
2.34096709495504e-14
2.40945782993648e-14
2.31414535643551e-14
2.44762321982835e-14
2.45152390769085e-14
2.38774876483251e-14
2.40604449739577e-14
2.40496796767918e-14
2.49127226414931e-14
2.53901680772116e-14
2.46580375604391e-14
2.48353932717664e-14
2.37245205305415e-14
2.49737213252259e-14
2.54933726425145e-14
2.50583474307016e-14
2.42148552307251e-14
2.43854837395179e-14
2.4717094533701e-14
2.39519038210776e-14
2.47744136781028e-14
2.49364531579537e-14
2.46347046150745e-14
2.39666224654072e-14
2.42571209512983e-14
2.33209865073413e-14
2.35147733766993e-14
2.42512948621844e-14
2.52178597486194e-14
2.49958904147505e-14
2.40521094774309e-14
2.36306782858623e-14
2.53610627395095e-14
2.46176769781409e-14
2.489752407039e-14
2.6391669053933e-14
2.56802676226007e-14
2.52271151619566e-14
2.49706277931076e-14
2.40448303738304e-14
2.47691116484697e-14
2.46146765404243e-14
2.48163767241961e-14
2.55854022275284e-14
2.33725210532192e-14
2.3423646851045e-14
2.38344502971466e-14
2.50593434674758e-14
2.479612019188e-14
2.47914577636295e-14
2.38451585896875e-14
2.48131895832331e-14
2.51346001750333e-14
2.5339683235028e-14
2.45187713959889e-14
2.54911643870555e-14
2.67028597744717e-14
2.47796978316089e-14
2.45353359364148e-14
2.3643054248897e-14
2.43923432523198e-14
2.26391506829157e-14
2.37760723666136e-14
2.44940973112833e-14
2.41957808854657e-14
2.40030007402958e-14
2.49303835444624e-14
2.5234599274661e-14
2.48573214879986e-14
2.403027581399e-14
2.37261890093717e-14
2.33582867710823e-14
2.42694129176494e-14
2.33970410090208e-14
2.36728973406425e-14
2.36236577514968e-14
2.39472958585552e-14
2.41673526187532e-14
2.45256003796789e-14
2.52016161783558e-14
2.50757992538402e-14
2.50194094148791e-14
2.4557132277848e-14
2.40716954666273e-14
2.47149570776157e-14
2.53573912051021e-14
2.47502211610165e-14
2.45498399138339e-14
2.57509659348142e-14
2.52118063946624e-14
2.54469790898509e-14
2.44503986588004e-14
2.47139591154457e-14
2.48550960843297e-14
2.45414590757447e-14
2.56079051234248e-14
2.54403494001227e-14
2.47113480314628e-14
2.42957041682683e-14
2.44342700838713e-14
2.3964659165304e-14
