8.26149982496224e-13
6.60826544850091e-13
6.86742866890477e-13
7.10804294499726e-13
6.81754731692049e-13
6.2231250105172e-13
5.73527470899561e-13
5.44271387748186e-13
5.21359269957964e-13
5.00580539809539e-13
4.88989143680292e-13
4.81786142905738e-13
4.71949695183783e-13
4.60070261206138e-13
4.46009788534758e-13
4.27157235643602e-13
4.04000296695177e-13
3.82901407510586e-13
3.68282017260898e-13
3.56959419814604e-13
3.45363937339589e-13
3.37847420143396e-13
3.37770605290598e-13
3.39909210437988e-13
3.44045596317621e-13
3.48585908695034e-13
3.51334159818594e-13
3.52885863064949e-13
3.51502828690794e-13
3.45555761079488e-13
3.36166572599694e-13
3.27456125526227e-13
3.15173803599055e-13
3.05780510726491e-13
2.98417841488758e-13
2.95039901248739e-13
2.91626919050819e-13
2.88083647161471e-13
2.85003769026145e-13
2.81362924721671e-13
2.77568491618316e-13
2.73856941149778e-13
2.69976872025668e-13
2.68711409538997e-13
2.65961416523558e-13
2.63030317721324e-13
2.58371478981151e-13
2.55310828326875e-13
2.52081776627884e-13
2.46785029452063e-13
2.42266932190055e-13
2.39972494790488e-13
2.37659236282341e-13
2.34200423769307e-13
2.32258365681431e-13
2.29897523788075e-13
2.28696356175947e-13
2.25684212896485e-13
2.22599784554337e-13
2.20551909666453e-13
2.19269499603976e-13
2.18157704136385e-13
2.1792449769019e-13
2.17058828478257e-13
2.16133826365883e-13
2.13161083106082e-13
2.10228580855542e-13
2.07681483452146e-13
2.04305636294175e-13
2.01341299286744e-13
1.99752618107671e-13
1.96295164226994e-13
1.93524157413367e-13
1.91886487808155e-13
1.89647419538495e-13
1.87556074463463e-13
1.86012471781419e-13
1.83709746281163e-13
1.82987300975832e-13
1.81178398727498e-13
1.79978536082031e-13
1.78228242264909e-13
1.76684169276978e-13
1.75709229439181e-13
1.73972289584954e-13
1.72647123931332e-13
1.72926299514057e-13
1.71615444760353e-13
1.70617442659388e-13
1.69092489588377e-13
1.68082779574215e-13
1.66261558073387e-13
1.64399218541789e-13
1.63277626409871e-13
1.61828801397397e-13
1.60479549610299e-13
1.6062561815784e-13
1.59053537199617e-13
1.57666720471881e-13
1.57424601424471e-13
1.55344520528878e-13
1.5284498918463e-13
1.51430580446046e-13
1.50256044303058e-13
1.4820976946126e-13
1.46785472455918e-13
1.45565365873848e-13
1.44966020680291e-13
1.43914915486705e-13
1.44620084377296e-13
1.4410700454366e-13
1.42646602912179e-13
1.41347147866731e-13
1.40034049576694e-13
1.39289578568987e-13
1.39508472862468e-13
1.37726085224093e-13
1.35802190227055e-13
1.35279400430852e-13
1.35336247585185e-13
1.36053509044445e-13
1.3452127534115e-13
1.33692813722059e-13
1.33650442950119e-13
1.31364530525869e-13
1.30587130067893e-13
1.3001305023239e-13
1.28576653583047e-13
1.27578157548576e-13
1.26749261451439e-13
1.25351956889885e-13
1.25271196427868e-13
1.2444804262305e-13
1.24127619793525e-13
1.23107082218096e-13
1.22160682503379e-13
1.20859662630915e-13
1.20568091394851e-13
1.20489174421284e-13
1.19378084378959e-13
1.1919275576755e-13
1.17870263606559e-13
1.17105201872285e-13
1.16920607607774e-13
1.16511341601844e-13
1.16174645388368e-13
1.16172622061111e-13
1.16297746333255e-13
1.15833574131937e-13
1.15829523843042e-13
1.15869371531979e-13
1.15418191679585e-13
1.15008266995789e-13
1.14200924390126e-13
1.14764699705277e-13
1.13981140765209e-13
1.13328816407027e-13
1.11894804696003e-13
1.10138143509665e-13
1.09845929658785e-13
1.09478516949754e-13
1.09166126767741e-13
1.0903857278166e-13
1.08322158673895e-13
1.08271675976529e-13
1.09136926283661e-13
1.08647894026363e-13
1.07465917699998e-13
1.07124967883873e-13
1.06956033882171e-13
1.05762557882919e-13
1.05168795633376e-13
1.05452602881084e-13
1.05078125211346e-13
1.04520401409666e-13
1.04664079069491e-13
1.03588475169244e-13
1.0272708391754e-13
1.02809043147579e-13
1.03389848175003e-13
1.02560342748799e-13
1.01998272619444e-13
1.01161511725936e-13
1.00709138380308e-13
1.00057779724431e-13
9.97241032646263e-14
9.9332164092946e-14
9.92653925259797e-14
9.9350999964132e-14
9.99315569712626e-14
9.81913617838411e-14
9.81852200312746e-14
9.706469546314e-14
9.64683660412967e-14
9.75376205839405e-14
9.65566893740865e-14
9.70503957459632e-14
9.70704792980385e-14
9.73785700128767e-14
9.66815855462769e-14
9.73858819537302e-14
9.75826950126557e-14
9.73221867538807e-14
9.77978882191317e-14
9.9660732093046e-14
9.9194568955085e-14
9.94330607156986e-14
9.78955499204139e-14
9.82834913823497e-14
9.84751554305442e-14
9.87459256135373e-14
9.76878968693916e-14
9.75322927950584e-14
9.62497044226933e-14
9.63546160129742e-14
9.62492411074819e-14
9.54181735439044e-14
9.54758761448569e-14
9.46726426486219e-14
9.51092072253506e-14
9.50511323953258e-14
9.38334351050929e-14
9.36403709710792e-14
9.32778704076835e-14
9.25615454387542e-14
9.22633425394139e-14
9.22984827592475e-14
9.1629494149923e-14
9.21505999572835e-14
9.23103079799e-14
9.19161287007618e-14
9.19208001617163e-14
9.1750404535714e-14
9.24977757606473e-14
9.32690674803438e-14
9.28075458037936e-14
9.31798310413221e-14
9.29345562475191e-14
9.34376690483084e-14
9.35664521546092e-14
9.27887730034176e-14
9.2672069649235e-14
9.23074351746529e-14
9.2390097244682e-14
9.22595886278814e-14
9.25208147834714e-14
9.15521667883735e-14
9.13645819983112e-14
9.22679545993788e-14
9.23589590958724e-14
9.28075394944501e-14
9.19852830871564e-14
9.24204803192715e-14
9.20525960725398e-14
9.10762272617724e-14
8.98156235127135e-14
8.87069808636299e-14
8.85955727115737e-14
8.73495196342189e-14
8.79753664065361e-14
8.70780151488977e-14
8.73947315124509e-14
8.69181523312279e-14
8.67693906407775e-14
8.74119344648028e-14
8.67266854295893e-14
8.78106485426581e-14
8.79389541771306e-14
8.76075346342955e-14
8.73838831914642e-14
8.75627590795286e-14
8.68744105842149e-14
8.71854108046059e-14
8.77159085752156e-14
8.79509053605894e-14
8.77729678459296e-14
8.62486642387826e-14
8.53971342716523e-14
8.48090664462275e-14
8.38525717673545e-14
8.42507780339592e-14
8.35297678126717e-14
8.32591859629344e-14
8.34727839130794e-14
8.20542824655443e-14
8.07876130021907e-14
7.98283474588205e-14
7.93303261619973e-14
7.68764239202499e-14
7.73805117054874e-14
7.66216132191768e-14
7.60143637655854e-14
7.57974609357829e-14
7.53559661138273e-14
7.5400680057597e-14
7.68653855563833e-14
7.67332805460486e-14
7.52815218076753e-14
7.48276853699145e-14
7.38429903863598e-14
7.2835169605754e-14
7.24953745768032e-14
7.23188225975365e-14
7.20708810844338e-14
7.14883202522455e-14
7.09504505327592e-14
7.0625241299951e-14
7.07069104337011e-14
6.98363978674647e-14
6.99545287707332e-14
7.01991735573661e-14
7.00244774810027e-14
7.02885052244913e-14
6.97439113986713e-14
6.90755061444166e-14
6.86300743761347e-14
6.66772659688653e-14
6.6419225269804e-14
6.63892985520445e-14
6.5130790371679e-14
6.47985260379203e-14
6.546321096971e-14
6.48616912521674e-14
6.44262825729839e-14
6.47087479121961e-14
6.33214508525767e-14
6.31231979778752e-14
6.2692477911983e-14
6.27288169830336e-14
6.24635027959509e-14
6.19638717065018e-14
6.15729678773866e-14
6.23012942521851e-14
6.22547428384102e-14
6.14484167467861e-14
6.1715781927716e-14
6.18434987470678e-14
6.15750375684392e-14
6.14727192139648e-14
6.14195705081911e-14
6.18949435945884e-14
6.21202217312622e-14
6.15478558071692e-14
6.22735913511417e-14
6.21206834891602e-14
6.16641582352891e-14
6.17183862894057e-14
6.10090255004048e-14
6.06135063909675e-14
6.07301371586794e-14
6.03363183323405e-14
6.09067596190868e-14
6.13596612265621e-14
6.20232710719506e-14
6.15503708582265e-14
6.14937050209082e-14
6.12959338163308e-14
6.08234793787309e-14
6.08627483411317e-14
6.1081512776945e-14
6.10795871870746e-14
6.00701456694205e-14
6.04723733407541e-14
6.03541786537706e-14
5.89200463157069e-14
5.85663216575345e-14
5.84948647476231e-14
5.89663503126131e-14
5.85707047079013e-14
5.83134292072717e-14
5.85897185900179e-14
5.80734929517525e-14
5.78369862587553e-14
5.84626228564768e-14
5.83511493773953e-14
5.81947852207965e-14
5.78987245602135e-14
5.86201904070601e-14
5.81893357116852e-14
5.76954120961383e-14
5.77312339187454e-14
5.73851050271626e-14
5.69055691667519e-14
5.64417621139964e-14
5.60228581343049e-14
5.64254174090141e-14
5.71504138164983e-14
5.78995261134584e-14
5.72993565262974e-14
5.77682374236093e-14
5.75008451211062e-14
5.7092482076919e-14
5.64436800313857e-14
5.6841019287541e-14
5.65619264057648e-14
5.58549575290734e-14
5.56246851200457e-14
5.63152215055692e-14
5.61446465620764e-14
5.68183444424144e-14
5.65754439631032e-14
5.70141681010475e-14
5.72000385064566e-14
5.55949726296386e-14
5.58486028298825e-14
5.579183561293e-14
5.51273737090096e-14
5.56211936052188e-14
5.66401294989863e-14
5.75553917465093e-14
5.71313143054299e-14
5.64405549307658e-14
5.52606917110029e-14
5.52535026977597e-14
5.50793784832674e-14
5.49656891765482e-14
5.52217166394242e-14
5.55305963831432e-14
5.51931590668007e-14
5.56286934137444e-14
5.6376945777858e-14
5.67043094208689e-14
5.71215457591139e-14
5.76094093927083e-14
5.65466040682776e-14
5.55555717297171e-14
5.41125294771679e-14
5.49435052861083e-14
5.42235075291808e-14
5.46944367295344e-14
5.44407732658157e-14
5.48581813946414e-14
5.48049083204205e-14
5.46659906630358e-14
5.46140886305285e-14
5.41687217483285e-14
5.46621069622861e-14
5.36546252601522e-14
5.40429136409903e-14
5.34112057763041e-14
5.38647835442277e-14
5.33153844028701e-14
5.33105411658682e-14
5.33302459685162e-14
5.17954398431468e-14
5.20836821686653e-14
5.22514341946025e-14
5.19233137775974e-14
5.14009405146383e-14
5.17794293432425e-14
5.1334125257298e-14
5.191469280635e-14
5.28991034687754e-14
5.3308076599029e-14
5.36594198233768e-14
5.33782991556927e-14
5.29890840937545e-14
5.19934103587533e-14
5.16279626708274e-14
5.17032867964951e-14
5.24010871027681e-14
5.13108749298492e-14
5.12981195446186e-14
5.1697884699878e-14
5.1360794737304e-14
5.14390558906957e-14
5.10903141855917e-14
5.08240659796049e-14
5.00826268612893e-14
5.00453323233112e-14
5.03639738929368e-14
5.05985286428623e-14
5.00806522004448e-14
5.05525102759677e-14
4.95407656145482e-14
5.00191350945769e-14
5.06175136926217e-14
5.08465507201508e-14
5.04760358325397e-14
5.08697796046823e-14
5.04499805860703e-14
4.9971583060392e-14
5.06371738071068e-14
5.17076102761173e-14
5.21121524325458e-14
5.28385647965072e-14
5.31808844458641e-14
5.31332898761098e-14
5.33954799188174e-14
5.33153918859204e-14
5.33828446574376e-14
5.34994831378859e-14
5.2851698307689e-14
5.15061426270319e-14
5.05865738178019e-14
5.09696656529623e-14
5.09378851593822e-14
5.06043943282626e-14
5.07612989430807e-14
4.99079746915677e-14
5.12050019406961e-14
5.12124644334728e-14
5.06398384597989e-14
5.13062840654389e-14
5.00648864003252e-14
4.97103602633267e-14
4.9737163723675e-14
4.92957858227595e-14
4.91880154943493e-14
4.91796094853483e-14
4.98975010610958e-14
5.00090081060267e-14
5.05181555987549e-14
4.97431854415904e-14
4.97650240803436e-14
5.03101097569211e-14
5.06868175497744e-14
5.12276402861269e-14
5.11813418579258e-14
5.03041270079443e-14
5.16417327994682e-14
5.0847380227504e-14
5.0611625101316e-14
5.0034756875703e-14
5.03051546800816e-14
5.01891746704665e-14
5.06603900255164e-14
5.04476361770406e-14
4.99316595189045e-14
5.10601150068335e-14
5.0090822741045e-14
5.09976356749438e-14
5.16897531168223e-14
5.16455734909507e-14
5.16938924914361e-14
5.21268354663051e-14
5.09020072248198e-14
5.11787448670982e-14
5.06099829815714e-14
5.13099802743305e-14
5.07179414314218e-14
5.10006878526189e-14
5.04239054366661e-14
5.10313458366412e-14
5.0812506061414e-14
5.03066459162325e-14
5.04107107079487e-14
5.13652818224816e-14
5.11233714122096e-14
5.11115642146289e-14
4.99848028468147e-14
4.99645002012155e-14
4.98143119244727e-14
4.99686333029264e-14
4.98154088657692e-14
4.95768562964374e-14
4.90409727231394e-14
4.93246569259058e-14
4.99924115256954e-14
5.0254378942302e-14
5.03855708111467e-14
4.98752865267461e-14
4.98722954452401e-14
4.93462606840123e-14
4.9675050758404e-14
4.93798086735716e-14
4.89260722609324e-14
4.9038307162929e-14
4.95216792291675e-14
4.86804630765163e-14
4.88079322289921e-14
4.90905384423205e-14
4.93136624226239e-14
4.92630103117734e-14
4.87673518121699e-14
4.89278114034187e-14
4.87204164392053e-14
4.91744837234036e-14
4.89762129263764e-14
4.91504842075456e-14
4.9485785560939e-14
4.87575815836338e-14
4.86848163200373e-14
4.88405917683459e-14
4.89437997435928e-14
4.84934037231596e-14
4.92132798208491e-14
4.81634446836959e-14
4.9348198464592e-14
4.84062441610594e-14
4.8474229762454e-14
4.93836738184449e-14
4.91913408684876e-14
4.91577834122576e-14
4.95029290286395e-14
4.99377862408582e-14
5.00814682930775e-14
5.00922943145003e-14
4.95391381188826e-14
4.96783578490676e-14
4.96781797260679e-14
4.97301559558668e-14
4.87048506481132e-14
4.86922385251789e-14
4.91664522836444e-14
4.85817629263905e-14
4.89332902310664e-14
4.9037553616104e-14
4.92362317811952e-14
4.97468826206544e-14
4.93457372803205e-14
5.02116151575796e-14
5.05756469413762e-14
5.02998027154605e-14
5.02097545923172e-14
4.9382771662455e-14
5.0051122413808e-14
5.02954344141326e-14
5.00375234458976e-14
5.1058331868471e-14
5.12176552658655e-14
5.0140285162124e-14
5.07767044078934e-14
5.17546597053903e-14
5.17344404237545e-14
5.15417614615563e-14
5.16320719008726e-14
5.20865232807995e-14
5.25514231301213e-14
5.22197183308027e-14
5.26702754680296e-14
5.22330147482636e-14
5.23440634796948e-14
5.12606829666017e-14
5.19924482623702e-14
5.16223061018989e-14
5.11764807125563e-14
5.13406274614974e-14
5.13715253754385e-14
5.13041964994095e-14
5.12854715883864e-14
5.15983631887607e-14
5.14735242151395e-14
4.99178128510679e-14
4.91307267503404e-14
4.90602958485466e-14
4.84048457015879e-14
4.9257812574744e-14
4.98408783393137e-14
4.99949247961099e-14
5.15310679458835e-14
5.14513040228451e-14
5.19222705814505e-14
5.21460950877182e-14
5.22296151278918e-14
5.30707713989699e-14
5.18896270988554e-14
5.25064059332468e-14
5.17021741641572e-14
5.16388878784648e-14
5.19472256183349e-14
5.140792724807e-14
5.22301056354542e-14
5.13145636809991e-14
5.18313757469209e-14
5.14166255728694e-14
5.09865424737886e-14
5.0589016515403e-14
5.00955160766459e-14
4.94034712684605e-14
4.91461721519035e-14
4.92033777355382e-14
4.95987385402968e-14
4.97138286186984e-14
4.95235926578436e-14
5.02867761092912e-14
5.03228680264977e-14
5.03812716952535e-14
5.06896718999859e-14
5.02455677061224e-14
5.04943109105633e-14
4.99112368999814e-14
4.90697987302405e-14
4.98244830708375e-14
5.07263285889128e-14
5.13140061555226e-14
5.13048764598283e-14
5.11835589433091e-14
5.09906110277904e-14
5.13025836185054e-14
5.08062865447034e-14
5.01576576905945e-14
5.00015770973337e-14
5.00337539786414e-14
5.0089626204834e-14
5.07607059263354e-14
5.05279973015116e-14
5.08441703488067e-14
5.01250890637794e-14
5.02745762346022e-14
5.04791104168812e-14
5.02749151232458e-14
5.0836057096412e-14
4.99324160357882e-14
5.04337198379848e-14
5.06366446905769e-14
5.12274907488627e-14
5.09904948300071e-14
5.04664752672776e-14
5.05235444446963e-14
5.01152441640761e-14
4.86582666417792e-14
4.87531254893217e-14
4.92184761259593e-14
5.02425747973731e-14
5.01833070242805e-14
4.95619743996796e-14
4.98723604429374e-14
4.92744322420541e-14
5.02370202041049e-14
4.89351893542028e-14
4.92284523534279e-14
4.9222269021782e-14
4.93610323174046e-14
4.89447896967355e-14
4.82521313450741e-14
4.85098602789357e-14
4.81995011320675e-14
4.81497845272477e-14
4.80791865799127e-14
4.7707398105394e-14
4.79188495128768e-14
4.90417555503617e-14
4.8858213343136e-14
4.95847006177585e-14
4.93914500288237e-14
4.94137897217727e-14
4.97674353927616e-14
4.91488247053048e-14
4.76941602696125e-14
4.85441054730621e-14
4.93747608711772e-14
4.90839793134986e-14
4.88433207072518e-14
4.92461303036507e-14
4.9305063469539e-14
4.84781749138606e-14
4.86782193471515e-14
4.87483333909294e-14
4.84743312465702e-14
4.80907073706984e-14
4.90312335242992e-14
4.91866765010858e-14
4.86233664878875e-14
4.94317613044792e-14
4.91463020707111e-14
5.01758157000347e-14
5.02611590521687e-14
4.98310201779376e-14
4.90357935036753e-14
4.95372111401881e-14
4.8929802998771e-14
4.93200229979411e-14
4.88874407342547e-14
4.969633029582e-14
4.97507561100293e-14
4.99560187711374e-14
4.96730990081884e-14
5.10216259217692e-14
5.02967043756364e-14
5.05747153663813e-14
4.93162896275921e-14
4.99789018905838e-14
4.9632332224594e-14
4.93280637798707e-14
4.87153365902976e-14
4.78998527725491e-14
4.77856498658549e-14
4.74955275862349e-14
4.82200290072028e-14
4.86250623026008e-14
4.83219067395748e-14
4.85936951225771e-14
4.86451820494701e-14
4.79187142710494e-14
4.79453387712779e-14
4.85318996924861e-14
4.90263493004233e-14
4.96455038051803e-14
4.99340111842789e-14
5.03259205973735e-14
5.01058275079728e-14
5.0190439471961e-14
5.05411455209487e-14
5.0462955149382e-14
4.95115299973138e-14
4.88243450565699e-14
4.91567318273475e-14
4.88568761868171e-14
4.85444464498359e-14
4.86059282317376e-14
4.96006366873701e-14
4.90032170363731e-14
5.0238408221536e-14
4.97016264698104e-14
4.91859526782037e-14
4.92750543842889e-14
4.85541542351007e-14
4.89956104324541e-14
4.87757998421939e-14
4.99787145281788e-14
4.88309803809293e-14
4.91102975226074e-14
4.95736403684305e-14
5.00884864398289e-14
5.03998619889697e-14
4.99029492683214e-14
5.03140901948887e-14
4.96810300719227e-14
4.95957795851959e-14
5.04100588824535e-14
5.00737071000285e-14
4.92664788872827e-14
4.93505659068131e-14
4.97868889272806e-14
5.03402394847665e-14
5.00578026024925e-14
4.99194271153041e-14
4.97537772577614e-14
4.83042957565152e-14
4.82509402328836e-14
4.86534752544133e-14
4.79946602029507e-14
4.78466841123177e-14
4.75703206392673e-14
4.80248025201739e-14
4.75813444214727e-14
4.76488086377621e-14
4.96115606236965e-14
4.97552885570557e-14
5.0077611104685e-14
5.04222705625312e-14
5.00362868401172e-14
4.89067103491008e-14
4.9804386255763e-14
4.90146744244104e-14
4.94594804301282e-14
4.89553418003982e-14
4.86350430834413e-14
4.8305615158187e-14
4.83972901978114e-14
4.92667232765123e-14
4.96535431880147e-14
4.90941177088368e-14
4.96943592588873e-14
4.93088731032381e-14
4.93594407993801e-14
4.96056270659962e-14
5.08438459410621e-14
5.04700321594544e-14
5.14722918106712e-14
5.19118528353053e-14
5.11935583596531e-14
5.03589117762615e-14
4.9463352285559e-14
4.9984900147654e-14
4.97065905310628e-14
4.95834096850603e-14
4.98393288422776e-14
4.91908171674837e-14
4.80889774325766e-14
4.81984665652872e-14
4.72846968384595e-14
4.77031559325811e-14
4.76782866092026e-14
4.73700456499621e-14
4.7283812505764e-14
4.74807571993749e-14
4.72937578809225e-14
4.88704427087765e-14
4.91407757193144e-14
4.79613562223022e-14
4.73933292727893e-14
4.78995636117967e-14
4.72962439917816e-14
4.86024629387681e-14
4.90575433602406e-14
4.93657815945301e-14
4.85644388366096e-14
4.77552922143438e-14
4.65408117482173e-14
4.53311522861441e-14
4.42255365040599e-14
4.46060592702186e-14
4.57017414189585e-14
4.56058719908491e-14
4.55436704519843e-14
4.56543105284208e-14
4.59919174119628e-14
4.64485899477112e-14
4.73558688056566e-14
4.82829491710765e-14
4.8369304508059e-14
4.75560338552948e-14
4.85840307506482e-14
4.88158825472632e-14
5.03823693389738e-14
5.00753879377418e-14
4.99377257115334e-14
4.97996823770822e-14
4.91453209305067e-14
4.91799062935034e-14
5.05307749164001e-14
4.95024399941132e-14
4.82195972572455e-14
4.9093028066407e-14
4.79801576413592e-14
4.79142331067281e-14
4.77348627024834e-14
4.69069071684996e-14
4.61074730018748e-14
4.66034015855949e-14
4.69442068111845e-14
4.60927958489249e-14
4.66918906811849e-14
4.6977623306625e-14
4.77858174908747e-14
4.78053006537085e-14
4.76964006279625e-14
4.83102695850776e-14
4.81013469205967e-14
4.84056322693498e-14
4.81479529339939e-14
4.77253641537293e-14
4.66131175764233e-14
4.68450050834719e-14
4.60139795882185e-14
4.56683437581834e-14
4.66512022132771e-14
4.62054165095482e-14
4.50332749406455e-14
4.51201066538725e-14
4.50403855137724e-14
4.48251548235152e-14
4.56741052528678e-14
4.54347711110048e-14
4.71659692477699e-14
4.83579414091992e-14
4.98692275289608e-14
4.88302244070656e-14
4.98682463266536e-14
5.03718681942986e-14
5.17956337276119e-14
5.02856846435066e-14
4.99853108661848e-14
4.99361202647717e-14
5.01886603903597e-14
4.95182761962122e-14
4.99859069247429e-14
4.90974747895859e-14
4.8748738959567e-14
4.94324834674701e-14
4.77149386842556e-14
4.72983565388691e-14
4.65764198798524e-14
4.59953154389503e-14
4.72614828794026e-14
4.70848073990837e-14
4.70709609450589e-14
4.63973285218645e-14
4.63579423663914e-14
4.74254629556247e-14
4.61070431550376e-14
4.61440193896172e-14
4.64997793329596e-14
4.65550312685485e-14
4.63716112380419e-14
4.59226324728033e-14
4.65838992795817e-14
4.60317035434358e-14
4.67202187445236e-14
4.6523443777676e-14
4.66258626317816e-14
4.71893729739614e-14
4.73514004919731e-14
4.83019314307114e-14
4.77522214566059e-14
4.79032285919884e-14
4.77991427679711e-14
4.70338157517055e-14
4.68405685355474e-14
4.60204221761698e-14
4.64796717926181e-14
4.56592217413106e-14
4.45227802873237e-14
4.34285286287249e-14
4.34851790986673e-14
4.4643038616353e-14
4.40807888470941e-14
4.36764704097327e-14
