0.0411471828420659
0.0277691679184842
0.0267804294415318
0.0305369805602237
0.0342322099017674
0.036197535409611
0.0360558753201524
0.0344378523475138
0.032075876039338
0.0292583464217129
0.0263215625939864
0.0235544927658223
0.0212618578120862
0.0195454840987691
0.0187379654415246
0.0183934156093607
0.0180868274039081
0.0178016435731947
0.0174373053863327
0.0171393476405724
0.0167865338508102
0.0163932264592891
0.0159843551431809
0.0155630760345355
0.0153458908662578
0.01529681428173
0.0151457229271243
0.0149552615623274
0.0146348184011695
0.0142506258950715
0.0138790044352312
0.0135790252355402
0.0134182518855701
0.0133215853286462
0.0132603287014902
0.0132238427061772
0.0130993183758647
0.0129132850431774
0.0126862656497566
0.0123965430680829
0.0120309177993269
0.0117247903391048
0.0114462262979514
0.0112028210275604
0.0109769844771519
0.0107882269850094
0.0105993438374627
0.0104387369866667
0.0103320193273999
0.0102075439049959
0.0101307173757393
0.0101157573887042
0.0101316829124902
0.0101476578518679
0.0101586453731272
0.0101439494936711
0.0101337254954858
0.0100987950960388
0.0100477541624351
0.0100041852483233
0.00993811664035393
0.00987370637415792
0.00980723322708029
0.00974246933091092
0.00969516214485828
0.00965672296281797
0.00961743640724841
0.00953415590822648
0.00940038189158242
0.0092632196070826
0.00914146123528967
0.00903250081755786
0.00897730139410909
0.00894828723895701
0.00892872766907004
0.00894061109189321
0.00892035119747041
0.00885734213023716
0.00875167774365665
0.00863845856418538
0.00854299243878576
0.00846933567791528
0.00844211580265085
0.00845077628592318
0.00849138545135058
0.00856987174709953
0.00863718736455512
0.00867845878987086
0.00871314692907508
0.0087477974379011
0.00876251881986779
0.00877337692060203
0.0087678301750227
0.0087497827161251
0.00870671794849389
0.00863521600007012
0.00857307008707203
0.00851286601157911
0.0084409342122865
0.00837807904730985
0.00834543672822786
0.00829796845154867
0.00823268619489634
0.00817368033875542
0.00812754194564713
0.00807275119694328
0.00801211654751141
0.00796748485922637
0.00795031871706385
0.00794257528837001
0.00798398065187817
0.00801480008615641
0.00805197910780131
0.00807621881181548
0.00811267592502614
0.008138906766856
0.00816795113303766
0.00818835538476363
0.00819582753212953
0.00819342067136573
0.00818262703071682
0.00816743473168491
0.00814711739663157
0.00815213253991762
0.00815831129340116
0.00816402231076275
0.00815141124352291
0.00812863349689982
0.00810332854293592
0.00807991059663287
0.00804927223287885
0.00803707244017954
0.00802606351171729
0.00799804905220495
0.00796437592945319
0.00792824130047111
0.00788883774904667
0.00784029665136216
0.0078092783326112
0.00777748588925222
0.00774443090915675
0.0077290749661133
0.0077303424063978
0.00774240973446507
0.00774942054586459
0.00775262479674631
0.00776136138074795
0.00776758192419037
0.00775099925810872
0.00772753980719732
0.00770417635740969
0.00767068081506842
0.00764034581029939
0.0076095338320121
0.00760124108597497
0.00761378105135458
0.00764899984835946
0.00768345451430152
0.00771103589032825
0.00772880004569017
0.0077329380152197
0.00772979515723592
0.00772719467754813
0.00771487263596353
0.0076878546924562
0.00767076965953629
0.00765415800689103
0.00761882958913222
0.00758439087298201
0.00754829153264205
0.00749288560377172
0.00743360883156836
0.00739089222522184
0.00737585554217804
0.00736992258855519
0.00737054455595422
0.00737099742529481
0.00736649565484864
0.00735383822504876
0.00734690226739138
0.00734258834238309
0.00734598268223077
0.00737036418880526
0.00740148739449699
0.00741915493570972
0.00742814055842993
0.0074352940150771
0.00743900687604499
0.00744427864807964
0.0074538228461654
0.00745351563762392
0.0074435412430623
0.00742230961286591
0.00739884443477136
0.00737479416705804
0.007357344318276
0.00733528109382646
0.00730985827306297
0.00728547373986773
0.00725262586742589
0.00720969735764917
0.00715742762050247
0.00710267993665381
0.00705298247610121
0.00700936368772264
0.00697418287000072
0.00694304249022604
0.00692933416274586
0.00692982484002561
0.00693873446299791
0.00695566882640713
0.00697112977530845
0.00698893282922729
0.00699265068518954
0.00698508686969479
0.00697038056463922
0.00694837937779612
0.00691845479819611
0.0068924157674584
0.00686876628513257
0.00686882272527315
0.00688107892000285
0.00689549485137884
0.00689442837979337
0.00689007730632377
0.00688292708019398
0.0068704094454388
0.00685364114066324
0.00684442261382406
0.00683330594914629
0.00681844099808567
0.00680787046132997
0.00679159638286806
0.00676954806602956
0.0067379494630191
0.006691770312876
0.00664345487489192
0.00659713411081157
0.00656094281333931
0.00653783483409182
0.00652526807901248
0.0065198643247983
0.00651288866105051
0.0064983638704709
0.00647731341832653
0.00646335161571485
0.00645431613222203
0.00644145095431458
0.00642259148334152
0.00640932175084933
0.00639423849153955
0.00638288534944044
0.00637489673503386
0.0063698582902454
0.00636754112726973
0.00637186256911297
0.0063747101451678
0.00637421798136437
0.00637649758706919
0.0063821414337346
0.00639066582153345
0.00640084157942423
0.00640823476139596
0.00642421590054947
0.00643612460414721
0.00644244723845232
0.00643687710967781
0.0064238470841512
0.00639849641412297
0.00637493038203771
0.00634950829913923
0.00632592737404613
0.00630662599217765
0.0062854722464017
0.00625625275950238
0.00623213284015344
0.00621583891365418
0.00620250609852518
0.00619127474858058
0.00617839981920785
0.0061726165059739
0.00616885878677476
0.00616773544630792
0.00615882329565317
0.00614511759268857
0.00612132320150348
0.00609504392282529
0.00607028118250889
0.00605855910591604
0.00605892372914729
0.00606951837137744
0.00608021398807826
0.0060864973370626
0.00609139164576009
0.00609687821112973
0.00609745926093989
0.00609000390733566
0.00607527021339762
0.00605458899250379
0.00603040096873589
0.0060104184111967
0.00599274237020225
0.00597401573302131
0.00595709636535926
0.00594488452359698
0.00592999046348413
0.00592000702866153
0.00591485538884193
0.00590899247732605
0.00591030981785978
0.00591456125090611
0.00590851706424569
0.00589241336985873
0.00587643429535829
0.005876565438748
0.00588521323598815
0.00589439845406198
0.00590177534703174
0.00591366331364455
0.00592453733592723
0.00593917509777542
0.0059628781473844
0.00598798494189595
0.00600570304612245
0.00602018885260241
0.00602388477874174
0.00601275851734188
0.00598844899253204
0.00595006155279323
0.00590141079219554
0.00585109113344233
0.00580028139394404
0.0057510264178348
0.0057023817865059
0.00566353726266558
0.00563479730046441
0.00561815514413417
0.00561070542597642
0.00560184818114691
0.00559039046879279
0.00557954849409821
0.00557575348369035
0.00557518970635581
0.00558016708482743
0.00558885532406707
0.00559909925721121
0.00561335909022261
0.00563055027235462
0.00565004809772813
0.00566861544734232
0.00568115729376528
0.00568489586643697
0.00568335119520356
0.00568559771598868
0.00568353311942745
0.00567329313273878
0.00565912184226377
0.00563939101910311
0.00561236550261124
0.00557720701539376
0.0055424463366566
0.00549912154727387
0.00545831730703225
0.00542261830500876
0.00538499626732237
0.0053409008940136
0.00529788801926225
0.00524964906873601
0.00519673180846602
0.00514013734274444
0.00509131617014223
0.00504824589741354
0.00501426295463004
0.00498904091600798
0.00497761669143166
0.00497171638209618
0.00497424771065599
0.0049806437433679
0.00498543289180267
0.00498804377822693
0.00498858919596112
0.00499466541128003
0.00500723430463429
0.00501078303627967
0.00501176666980014
0.00501174374494531
0.00501277071895456
0.00501321438859808
0.00501407155961304
0.00501839009649254
0.00502170341221565
0.00502608872596028
0.00502293137672853
0.00501057101637256
0.0049879412252842
0.00495536428549388
0.00492580257745841
0.00489305762994644
0.00485843509432599
0.00481889575108256
0.00477809469160078
0.00473426483443324
0.00469425839324922
0.00466103828813713
0.00463087307059486
0.00460245173335672
0.0045811440455342
0.00456778382320214
0.00455997410281705
0.00455516222197929
0.0045478433242653
0.00454407942659597
0.00454947387351277
0.00455291838733543
0.0045607489100727
0.00456904779092726
0.00457751089976878
0.00458496018145759
0.00459204563392707
0.00460170964472954
0.00460989166728304
0.00461326480190151
0.00461538130509701
0.0046175235268467
0.00461564164472395
0.00460745065638591
0.00459963809461512
0.00458892953023601
0.00457818999435313
0.0045680704570017
0.00455768919044273
0.00454216366590982
0.00452467056321905
0.00450516282997019
0.00448547896993998
0.00445942948017384
0.00443133140802553
0.00439914985121278
0.00436106678290856
0.00433236172434933
0.00431436966417004
0.00430370897581362
0.00429688358901702
0.00429922546861207
0.00430458430678512
0.00431320263074409
0.00432127479590241
0.00432882085692343
0.00433402567416687
0.0043390418377525
0.00434623438180778
0.00435431775735007
0.00436285828485773
0.00437094404434616
0.00437505092699681
0.00437890497441793
0.0043813350550599
0.00437863881197699
0.00437392153316918
0.00436680725327432
0.0043580175088313
0.00434437472408151
0.00432872903034759
0.00430997761465563
0.00428167746240124
0.00425092679756721
0.00422434347514987
0.00419821330763354
0.00417739132042402
0.00416290579367874
0.00415509312392333
0.00415544194430595
0.00416178620634205
0.004175389953066
0.00419221380497064
0.00421128245994447
0.00423098621671775
0.00425128070753967
0.00427633686926736
0.00429920640105238
0.00431668691133482
0.0043276203125212
0.0043345014246341
0.00433580289081921
0.0043329246418263
0.00433174355516132
0.00433738106493697
0.00434187689706065
0.00434009766044488
0.00433606135226871
0.00432910484808279
0.00431884806271568
0.0043030519169254
0.00428284117263996
0.00426278679671176
0.00424577885718741
0.00423271361751535
0.00422153455035802
0.00420905830417768
0.00419983259082583
0.00418978626901416
0.00417859947524163
0.00416238190575496
0.0041418710451819
0.00412041476895619
0.00409902435863668
0.00407843199363871
0.00406306621391046
0.00404541961563897
0.00402747682278447
0.00401213010820179
0.00400205789161048
0.00399432467671334
0.00399016199408076
0.00398710432479717
0.00398124753760787
0.00397576484532729
0.00396937218337729
0.00396030349733075
0.00394792395291847
0.00393239993681972
0.00391827155375453
0.00390110054680636
0.00388943301822255
0.00387887823223523
0.00386850376236973
0.00387133565319654
0.00387725020489309
0.00388185266043833
0.00388390939246374
0.00389019156545271
0.00389991386657146
0.00390772630210147
0.00391605678889231
0.00392709692123832
0.00393605968724282
0.00394636109618322
0.00395531847022441
0.00395900247880324
0.00395914051348328
0.00395850511837037
0.00395481083018445
0.00395142276761448
0.00394621543884244
0.00393745187824614
0.00392943354294182
0.0039203859591702
0.00391362638974909
0.00390318183013581
0.00389219009573276
0.0038840965606709
0.00387890653044244
0.00387608601185953
0.00387935540830142
0.00388859226867401
0.00389919607405327
0.00391096347959788
0.00391980227427088
0.00392616775867204
0.00392649443937391
0.00391988456001279
0.00390848487974927
0.00389677478134028
0.00388576252078186
0.00387622164537484
0.00386760219355988
0.00386107140037195
0.00385462727728113
0.00384539743474932
0.00383634244528995
0.00382883980494606
0.0038168654170499
0.00380466330905593
0.00379283778547351
0.00378171881613893
0.00377426747293873
0.00376758381543709
0.0037629458288313
0.00376339623976483
0.0037728870962937
0.00378634076614748
0.00379656934562958
0.00380877305417315
0.00382039559057371
0.00383198361309371
0.00384368340850379
0.00385350302044897
0.00385949265143569
0.0038595922023001
0.0038592378312129
0.00385832020401256
0.00385325060381821
0.00384860723020293
0.00384231089780313
0.00383281994632539
0.00382033190908831
0.00380825578400083
0.00379832320726799
0.00378785520700038
0.0037773861242911
0.00376874168942488
0.00375916833765171
0.00374867690885805
0.00373700876128184
0.00372128321316688
0.00370648137829383
0.00369597310870652
0.00368230527727598
0.00367214584607251
0.00366246695298165
0.00365692645564484
0.00365366304727183
0.00365419034371552
0.00365824173110788
0.00366358058010841
0.00367083570733535
0.00368049247246029
0.00369184427629655
0.00369734608189927
0.00370440362675352
0.00371222061574048
0.00371755414745987
0.00372091505590876
0.00372048033435754
0.0037164731524858
0.00371118295429408
0.00370272484853637
0.00369212205030131
0.00368136822404217
0.00366858007538899
0.00365790448881044
0.00365361989444953
0.00365265007679346
0.00365299378514224
0.00365267046547574
0.0036523134086689
0.00365360192338979
0.00365398999971213
0.00365168764697653
0.00365135489998067
0.0036545999457307
0.00366050553788949
0.00366312300939426
0.00366962487540215
0.00367475562782495
0.00367855354657057
0.0036799847831668
0.00367902218011323
0.00367794399356333
0.00368037104702611
0.00368345933448844
0.00368665270978939
0.00369301235569505
0.00370338474286846
0.00371025967025675
0.00371331710588568
0.00371441018729645
0.00371634446348303
0.00371779208310491
0.00371882741773813
0.00371323933091109
0.0037070883186726
0.00370343917799553
0.00370251752066001
0.00370017115774716
0.00369636431845738
0.00369439563892419
0.00369713015239831
0.00370162190191504
0.00370279428191644
0.00370667650649841
0.00371001406418014
0.00370925458382251
0.00370520891928147
0.0037021507399108
0.00369735715822193
0.00369448644101222
0.00369381925024738
0.00369409097299503
0.00369551928679103
0.00369423076685824
0.00369360774758554
0.003696090830196
0.00370044697865501
0.00370791044540947
0.00371292310506113
0.00371275706307389
0.00370887963665413
0.0037005489370026
0.00369016598932129
0.00367490279402282
0.00366106305331246
0.00365045671076545
0.00364980980346809
0.0036548324340703
0.0036562105183787
0.00365683787739795
0.0036590262432061
0.00366416115444943
0.00366695345208557
0.003666914325834
0.00366300051691916
0.00365732126274558
0.00364852312997302
0.0036400394850446
0.00362837744902321
0.00361497498837347
0.00360208832237984
0.0035927824845402
0.00358566871826101
0.00357914023156607
0.00356968338276934
0.00356064088548324
0.00355400901750031
0.00354777488942204
0.00354191223714123
0.00354022023735587
0.00354026671903985
0.00354582811798338
0.00355335125807596
0.00356079682841877
0.00356803052430162
0.00357447468547019
0.00358068652366202
0.00358307840131663
0.00358195506997886
0.00358021121888166
0.00358046334821281
0.00357886882571873
0.00357435115730697
0.00356997964124552
0.00356781836751692
0.00356373875144771
0.00355680329411606
0.00354700875190767
0.00353912549460781
0.00353015019780988
0.00352043790970373
0.00350543163168461
0.00348926548850022
0.00347336473831527
0.00346001802744015
0.00344957007730786
0.00343786065427365
0.00342922684902833
0.00342553134243146
0.00343009989392596
0.00343441407833245
0.00343575292490165
0.00343436320417814
0.00343193129359986
0.00342930878477556
0.00342890717558978
0.00343044469330373
0.00343079662376035
0.00343518564655688
0.00344188122927335
0.00344468248336687
0.00344589261788853
0.003442796630916
0.00343784614615122
0.00342910549468286
0.00341579859388518
0.00340127790319572
0.00338564691811095
0.0033683675632465
0.00334693594909738
0.00332456622051132
0.00330423810311711
0.00328601540813272
0.00326968648961849
0.00325586999748344
0.0032450174599591
0.00323427933041432
0.00322507680406147
0.00321450956945091
0.00321183412973517
0.00320999918592484
0.00321072296465939
0.00320814546340188
0.00320292063593248
0.0031957323271718
0.00319054875495357
0.00318310473148449
0.00317437487812519
0.00316638755415186
0.00315875545301359
0.00315064715657403
0.0031415291318835
0.00313082087358053
0.00312008162521831
0.00311830606012161
0.00311839577349522
0.00311701253686095
0.00311322520327495
0.00310832620566677
0.00309997614207322
0.00309044425646355
0.00308017222354701
0.00306982579547028
0.00306041303963735
0.00305067401253558
0.00304146843030792
0.00303175111148169
0.00302390924296401
0.00301992636180007
0.00301545731686747
0.00300823024729502
0.00300079007630873
0.00299660724903497
0.00299728659495609
0.00300308182325758
0.0030078222676277
0.00301389127699033
0.00302073924694782
0.00302614918696212
0.0030309180993804
0.00303210697947957
0.00303016346868189
0.0030275865636075
0.00302727974262315
0.00302322094021835
0.00301753990110365
0.00301039820971573
0.00300503084550356
0.00299966901002555
0.00299258667940504
0.00298634164538358
0.00298159844875726
0.002976433495549
0.00297491672565418
0.00297229568832512
0.00296852156191002
0.00296682706025065
0.00296886764886079
0.00297320294952135
0.00297479250167425
0.00297146288105343
0.00296731507888212
0.00296342506682212
0.00295864920837447
0.00295193818443496
0.00294241212720322
0.00293324118543622
0.00292400797926546
0.00291612936824135
0.00290664594135344
0.00290076696131461
0.00290004514009361
0.00289874158094947
0.00289780311133904
0.00289702823399364
0.00289607693019965
0.0028958094514623
0.00289401922455977
0.00288941749726918
0.00288255053851506
0.00287307772892481
0.00286298526303863
0.00285415289816
0.00284343595365084
0.00283122455923786
0.00281793131343259
0.00280312522322127
0.00278728609212927
0.00277063353017379
0.00275222527143802
0.00273208693561346
0.00271257193952537
0.00269367485177324
0.00267713532267809
0.00266270418429983
0.00265183705871826
0.00264504437645247
0.00264345223179719
0.00264595827650968
0.002651969136158
0.00265839311895816
0.00266561843078424
0.00267527641331734
0.00268260288015501
0.00268978451909399
0.00269754937895351
0.00270320341670664
0.0027050235007735
0.00270432209892588
0.00270045896763705
0.00269466692268838
0.00268984620223542
0.0026825424341838
0.00267357017885467
0.00266564867604102
0.00265845524373128
0.00265171649124225
0.00264628224495096
0.00263961669420532
0.00263248644543721
0.0026251321305396
0.00261605258940311
0.00260517987428077
0.00259502399612707
0.00258457012287797
0.0025780344510071
0.00257241392052361
0.00256616885489285
0.00255965819666153
0.00255363923943334
0.00254756633362408
0.00254194833661944
0.00253404105199898
0.00252333029962365
0.00251088098678631
0.0024982447681805
0.00248898125284613
0.00248357348110636
0.00248241393018983
0.00248691050809553
0.00249535648781863
0.00250614564131403
0.00251837429756684
0.00252876817292846
0.00253736911007929
0.00254396753268388
0.00254817415288431
0.00255187308916355
0.00255347154362773
0.00255258983748789
0.00255047007737554
0.00254580673200587
0.00253977447894273
0.00253345454097987
0.00252645473715284
0.00251843645865398
0.0025112910340426
0.00250622186868814
0.00250366846357149
0.00250017274115379
0.00249665186179264
0.00249394054039703
0.00249129264334527
0.00248767175393234
0.0024845329276532
0.00248059676895851
0.00247594856028121
0.00247096275783477
0.00246683231372304
0.0024682491206954
0.00247407811142652
0.00248235026153997
0.00249407548461396
0.00250592884578579
0.0025175293324363
0.00252595746740933
0.00253151878058519
0.00253577709446137
0.00253984594714351
0.00254311958811027
0.00254437403457741
0.0025437682532914
0.00254062589561822
0.00253463601437244
0.00252678027982547
0.0025175968362485
0.00250753023884376
0.00249702254491428
0.00248737598387923
0.00247671549931012
0.0024654868763587
0.00245473954321185
0.00244301095360235
0.00243206123786315
0.00242153938456435
0.00241423808249872
0.00240979567317786
0.00240723014431469
0.00240518895881718
0.00240401554341738
0.00240235259298453
0.00239888927847113
0.00239426925618354
0.00238935762333807
0.00238292616795268
0.00237454318957955
0.00236424464513898
0.0023538591895805
0.00234361326600417
0.00233506328322096
0.00232815635350784
0.00232306995972725
0.00231913521543593
0.00231810758567578
0.00232010645571178
0.0023238596032156
0.00232715055297047
0.00232985630647128
0.00233108217103685
0.00233193951775027
0.00233094270483105
0.00232801990854162
0.00232406984753168
0.00231841079523674
0.0023117091459316
0.00230382621350716
0.00229670870911169
0.00229015635609479
0.00228356201874273
0.00227760501708512
0.002273522182356
0.00227293500633885
0.00227308767722169
0.00227355138781963
0.00227437022289157
0.00227597629917007
0.0022748885646897
0.00227385493528251
0.00227188697333414
0.00226910001916191
0.00226568017444044
0.00226351295121126
0.00226336858013575
0.00226360793239124
0.0022613702238163
0.00225842746550493
0.00225454613514942
0.002250333420302
0.00224709231163565
0.00224465607144782
0.00224209003555019
0.00223790678857954
0.00223293208577861
0.00222635305106558
0.00221888682843858
0.00221122445313288
0.00220162475354374
0.0021903919528989
0.00217886206314495
0.00216912570111114
0.00215979192471479
0.00215243756387569
0.00214688054431319
0.0021409867062912
0.00213608508428759
0.00213004861773919
0.00212322395097474
0.00211661055670869
0.00210975688144725
0.00210168031179162
0.00209440289552914
0.00208846378956037
0.00208212841797546
0.00207679096577674
0.00207291241826813
0.00207047557387963
0.00207045232996265
0.00207353032024812
0.00207846723394164
0.00208421006242734
0.00209214108698361
0.00209950655975705
0.00210699032475883
0.00211369106853369
0.00211858074781824
0.00212282516245721
0.00212604129130683
0.00212818883382097
0.00212815349529472
0.00212687206770464
0.00212457107616258
0.00212090901758844
0.002116772568062
0.00211168965671812
0.00210639589647512
0.00210124220209374
0.00209564850627384
0.00208856341743344
0.00208214804043276
0.00207691606835349
0.00207429917615442
0.00207380571526311
0.00207387580471194
0.00207309380916061
0.00207243815609101
0.0020722367728268
0.00207163877631297
0.00207119728913696
0.00207100551538704
0.00207064267247041
0.00207008018120861
0.00206816322569199
0.00206557415910589
0.00206338860893938
0.00206184022479534
0.00205954601603585
0.00205754912820103
0.00205573969057712
0.00205512624391408
0.0020538939188555
0.00205213651319611
0.00205055846589476
0.00204965961482199
0.00204913835351728
0.00204731766429071
0.00204550022709843
0.00204463942989667
0.00204586600642899
0.00204966858208086
0.00205449346671693
0.00205870067111101
0.00206290482290748
0.00206647983214649
0.00207101537509371
0.00207552686986531
0.00207761655335911
0.0020785516013651
0.0020792700423793
0.00208032339632117
0.00208295446412922
0.00208564534526796
0.00208855587280614
0.00209146029990657
0.00209436453469214
0.00209693670769767
0.00210026636221157
0.00210419135272451
0.00210730637425959
0.00210937026086596
0.00211086696121943
0.00211212218445324
0.00211323840848947
0.00211379367680565
0.00211387516635981
0.00211299041616567
0.00211161554619835
0.00211043906724069
0.00210872974657533
0.00210634098821788
0.00210423146533805
0.00210170895586443
0.00210011470314733
0.00209873459040748
0.0020971997681378
0.00209614739997922
0.00209446458543754
0.0020918801616366
0.00208895339296906
0.00208599274905172
0.00208283069904122
0.00207954888925982
0.00207533047268546
0.00207014066118468
0.00206408960417513
0.00205688967715614
0.00204877768299709
0.00204084973204378
0.00203302891429349
0.00202615551472536
0.0020191131729554
0.00201118254934175
0.00200254458386041
0.00199426325153961
0.00198546298075862
0.00197711809725814
0.00197059515924813
0.00196466760075784
0.00195997869911557
0.00195692566090883
0.0019570384331534
0.00195854848193462
0.00196131995529802
0.00196546008394067
0.00197141379533129
0.00197890465633097
0.00198766186544793
0.00199641552026311
0.00200531713393034
0.00201398372970113
0.00202240926643729
0.00202986288998149
0.00203654039463111
0.00204249132543362
0.00204773547416301
0.00205269262026534
0.00205596837295264
0.00205750466347929
0.00205768424378457
0.00205740119955015
0.00205575882106068
0.0020529985083637
0.00204882466502658
0.00204426409757188
0.00203893402979307
0.00203222963489207
0.0020241308519754
0.00201559932650216
0.0020066121279552
0.00199667660675638
0.00198648483778402
0.00197622425913664
0.00196526966748029
0.00195413771840923
0.00194287900803591
0.00193207974107048
0.00192242360079353
0.00191410649266163
0.00190595042763501
0.00189932374794726
0.0018942149706499
0.00189017443468593
0.00188734776029953
0.00188531890438647
0.00188235627903114
0.00187983354285526
0.00187773455495385
0.00187595114152235
0.00187495182686596
0.00187458466540461
0.00187504261960061
0.00187512220925045
0.00187504673334752
0.00187489463103064
0.00187492105638105
0.0018748653567603
0.00187504300205765
0.00187471448245701
0.00187374937684887
0.0018720567944283
0.00186952079193979
0.00186609884978688
0.00186194396382238
0.00185855014881801
0.00185494552040793
0.00185089371796441
0.00184654640554551
0.00184262483744924
0.00183783174825916
0.00183256326227316
0.00182789398791812
0.00182315851567209
0.00181881388570977
0.00181451313960091
0.00181193410516266
0.00180997866753449
0.00180880776887764
0.00180738877265277
0.00180513866836568
0.00180312648264855
0.00180234946702776
0.00180229474174557
0.00180205829660823
0.00180199344009058
0.00180218313806844
0.0018025737989427
0.0018028607459755
0.00180358521279975
0.00180453009169303
0.00180605735351351
0.00180774815174076
0.00180953247523062
0.00181135743542303
0.00181233268656183
0.00181282787354207
0.0018134429238602
0.00181460425365473
0.00181551341003781
0.0018148649780322
0.00181357764282881
0.00181222929333946
0.00181108568364114
0.00180961151874222
0.00180764146024824
0.00180528856225683
0.00180216630119317
0.00179890451658905
0.00179545026677488
0.00179182200340505
0.0017882567415167
0.00178410979847409
0.00177895891296189
0.00177301828169397
0.00176740758572064
0.00176431176567729
0.00176129935136056
0.00175890394212157
0.00175728944333214
0.00175617876659547
0.00175646579440071
0.00175677868942677
0.00175786412609476
0.00175963956047188
0.00176206334575015
0.00176431476669732
0.00176611033762635
0.00176738667776312
0.00176889853405484
0.00177127292529068
0.00177408996885195
0.00177669075249004
0.00177959441828302
0.00178223583666835
0.00178504333868905
0.00178757307389249
0.00179003334816463
0.00179258254158637
0.00179405480338052
0.00179487809814054
0.00179482939206971
0.00179424853660605
0.00179253639467495
0.00179048327037088
0.00178833768336052
0.00178624316307161
0.00178345068572767
0.00178035349333234
0.00177684011981924
0.00177290732165627
0.00176921331202985
0.00176634449057648
0.00176431545333978
0.00176344570036071
0.00176257160919295
0.00176162131387299
0.00176081938901518
0.00176010823822137
0.0017593818517656
0.00175880366391286
0.00175872179981722
0.00175953567480797
0.00176079433865352
0.00176236371754826
0.00176440686406838
0.00176667413580681
0.0017689905640714
0.00177190788133741
0.0017749977275591
0.00177719271900725
0.00177843220840579
0.00177955396002327
0.00178059760196645
0.00178196125251137
0.00178318196486039
0.00178440689111397
0.00178609088443124
0.00178804688013707
0.00179041073171606
0.00179222040135142
0.00179419789166911
0.00179569329376529
0.0017965353253063
0.00179699443017236
0.00179673660844273
0.00179572347560758
0.00179356799140756
0.00179038993782648
0.00178635250505167
0.00178084386806378
0.00177465836477043
0.00176832375806384
0.00176120831425976
0.00175348882786637
0.00174625132888098
0.0017396197895677
0.00173279108847361
0.00172615537853117
0.00171935926465131
0.00171409404720702
0.00170998815591888
0.00170601765847198
0.00170358966893998
0.00170273563855695
0.0017021111211291
0.00170195152098688
0.00170198262369587
0.00170238440411935
0.00170360756774362
0.00170494336315481
0.00170684897863819
0.00170835275737022
0.00170956859374734
0.00171039093704836
0.00171040298018129
0.0017099906674756
0.0017094646026941
0.00170845853843427
0.00170758032356521
0.00170699124605697
0.00170716505211739
0.00170770789570496
0.00170937851459069
0.00171136584800375
0.00171252763137793
0.00171254870306129
0.00171270516678222
0.00171192789744972
0.00171072696959181
0.00170882620493967
0.00170622685932462
0.0017027140587268
0.00169858474858555
0.00169422904373175
0.00169003954061041
0.00168685660545056
0.00168404267850638
0.00168123311845153
0.0016792347898584
0.00167761827953268
0.00167648398488394
0.0016759221048915
0.00167599734208419
0.00167620156516291
0.00167659331585159
0.00167661794399058
0.00167625457556917
0.00167643138776161
0.00167648907499092
0.00167694585694256
0.00167754534728989
0.00167889846680081
0.00168100116538928
0.00168310871550266
0.00168587186443984
0.00168881397841056
0.00169190960812118
0.00169456837167521
0.00169727018931539
0.00170039452073892
0.00170340034961172
0.0017067472260228
0.00171016530214491
0.00171358983624586
0.00171676940680645
0.00172014021338108
0.00172360491499849
0.001726252138764
0.00172777794866441
0.00172895450517987
0.00172898108658882
0.00172854058294527
0.00172732732780549
0.00172486037689969
0.00172122095013109
0.00171695575856148
0.00171225189425731
0.00170627103784686
0.00170058948827028
0.00169519717386167
0.00168934828832669
0.00168368574270798
0.0016785076865663
0.00167305905312359
0.00166787447571883
0.00166230962829456
0.00165662079470436
0.00165079889651549
0.00164463374359546
0.00163890742792097
0.00163232872066036
0.0016252218928969
0.00161764860868507
0.00160975145420302
0.00160143653702088
0.00159360234820937
0.00158608233782794
0.00157963468522704
0.00157601195654938
0.00157429253499521
0.00157391131107065
0.00157489040710522
0.00157705297896905
0.00158015580063433
0.00158385452351375
0.00158742041860765
0.00159179126744474
0.00159554158478296
0.00159930266753953
0.00160290102549536
0.00160627277540862
0.00160986881553049
0.00161314312435506
0.00161553157929983
0.00161763837445267
0.00161937170374557
0.00162081828127282
0.00162193628005481
0.00162315299261278
0.00162425695049766
0.00162450703034291
0.00162443561634176
0.00162339249673566
0.00162240674350135
0.00162148477068346
0.00162074451159844
0.00161935646043628
0.00161769880905054
0.00161600863924047
0.00161387516313656
0.00161134493202309
0.00160806882695784
0.00160362211061475
0.0015984952057659
0.00159295552620611
0.00158666583036423
0.0015800200458157
0.00157387624474211
0.00156778552424384
0.00156260032911472
0.00155787888416173
0.00155335433318721
0.00154987716614711
0.00154647947015212
0.00154349093067773
0.00154014782005171
0.00153625486359048
0.00153207421299185
0.00152796278544796
0.00152415690515742
0.00152149109126024
0.00152046053097598
0.00152132862254926
0.0015237005503514
0.0015263607365315
0.00152966520133913
0.00153304134468307
0.00153610690591439
0.00153949628160492
0.00154306046473474
0.00154634409157191
0.00155034952575717
0.00155460655495881
0.00156005096593786
0.0015661300462105
0.00157220046258308
0.00157763497576334
0.00158245645214057
0.00158668039929122
0.0015902813803706
0.00159361557194883
0.00159660676333996
0.00159939845426581
0.0016015278492914
0.00160332625246887
0.00160484394282645
0.00160602341662111
0.00160704636451515
0.00160788220859891
0.00160810977593028
0.00160785040854001
0.00160638287442937
0.00160412333974144
0.00160109655660489
0.00159768649667523
0.00159336586892816
0.00158775350795585
0.00158097188121392
0.00157371783058569
0.00156584204986869
0.0015572830447163
0.0015487254044152
0.00154075582206634
0.00153245009178099
0.00152468401943436
0.00151760552369622
0.00150961365183671
0.00150172518480421
0.00149425814140173
0.00148685088165941
0.00147985490819157
0.00147341233403011
0.00146752773076751
0.00146192711726446
0.00145752156536247
0.00145480119310593
0.00145403252796824
0.00145651547804444
0.0014615322973621
0.00146773361504711
0.00147495703811484
0.0014832780309441
0.00149203590048153
0.00150080493584144
0.00150941097055362
0.00151834147788693
0.00152723894629838
0.00153605740287349
0.00154452733338859
0.00155216971522196
0.00155894685164169
0.00156544624547223
0.00157162725267825
0.0015776424433111
0.00158307040888504
0.00158764525551296
0.00159133205754909
0.00159508032805028
0.0015983692652263
0.00160118867832366
0.0016037212238988
0.00160551527266681
0.00160686735579465
0.00160740775947167
0.00160759018740644
0.00160786911131934
0.00160800596307993
0.00160788184825634
0.00160703225914207
0.00160550664282269
0.00160339298744395
0.00160056532292584
0.00159709672971352
0.00159326254555671
0.00158931837176958
0.00158503241154986
0.00158062990054558
0.00157578782483668
0.00157090916658463
0.00156645992146059
0.0015631155175964
0.00156102094838868
0.00155962900375168
0.00155844581709098
0.0015575475877357
0.0015575010089619
0.00155808471130593
0.00155888371782574
0.00156089413737022
0.00156320364164658
0.00156574198857146
0.00156869486820161
0.00157109443996867
0.00157262798613028
0.00157338545487446
0.00157287245268531
0.0015717917830869
0.00156986319676857
0.00156692258053865
0.00156324833244353
0.00155914098588737
0.00155467004300823
0.00154933530082429
0.00154333475576069
0.00153685405978535
0.00153008690858902
0.00152317297021261
0.0015163922625723
0.00150951860526042
0.00150262194367214
0.00149579922856053
0.00148898013866028
0.00148261115074502
0.00147721818440122
0.00147212060915826
0.00146776333792429
0.00146311614621451
0.00145901663369101
0.00145551007662199
0.00145346401600562
0.00145360835396239
0.00145461916111371
0.00145667641180789
0.00145973644664689
0.00146335722326092
0.00146761654483593
0.00147179826892637
0.00147585881734749
0.00147968888760729
0.00148290776948237
0.00148576027266856
0.00148807636751753
0.00148957786029061
0.00149034216102879
0.00149017987901813
0.00148926320693969
0.00148786625639353
0.00148611079410331
0.00148394692226715
0.00148202055489704
0.00148008321166141
0.00147785972735717
0.00147524858424306
0.00147236118864508
0.00147005438895962
0.00146775181958136
0.00146556462199485
0.00146370981676133
0.00146156715912632
0.00145987816354315
0.00145813078458616
0.00145595143520291
0.00145329736166865
0.00145017817373414
0.00144697659809436
0.00144398555233693
0.00144096998668446
0.00143824718169492
0.00143555022321556
0.00143299431971108
0.00143049148464401
0.00142778155017122
0.0014249082962337
0.0014220488287812
0.00142008414120268
0.00141954989499351
0.00142035398500119
0.00142153640073872
0.00142336146614058
0.00142536048964008
0.00142721401345218
0.00142951260376373
0.00143212246054781
0.00143507805226966
0.00143837463405377
0.00144151199201204
0.00144449549952043
0.0014470522088475
0.0014491908106247
0.00145148896415427
0.00145377776872939
0.00145626004014518
0.00145887905826451
0.0014610926914285
0.00146289233281056
0.00146462179836698
0.0014657157845535
0.00146656369137994
0.00146709167877429
0.00146736040501339
0.0014679639019739
0.00146839116758811
0.00146904600477099
0.00146997213023752
0.00147138684460539
0.00147247380339383
0.00147317996062803
0.00147326752122617
0.00147347389878253
0.00147330211628941
0.00147280249567926
0.00147189533591212
0.00147098813563435
0.00146969323779991
0.00146823655461397
0.0014669844459016
0.00146581425782863
0.00146412248185509
0.00146236652721503
0.00146059223967081
0.00145872879655855
0.00145746572923279
0.00145667643070871
0.00145609252070867
0.00145492893304133
0.00145382515484305
0.00145220746161908
0.00145030350397379
0.00144883276268188
0.00144761878678338
0.00144655722190339
0.00144499023323121
0.00144328921727771
0.00144175451497461
0.00144051408169656
0.00143886614533305
0.00143676924263564
0.00143475572162283
0.00143267362163922
0.00143062468160449
0.00142920065484204
0.00142753546522991
0.00142551017269266
0.00142361891509406
0.00142134915635141
0.00141889551982179
0.00141667815259992
0.00141463791814785
0.00141214387614705
0.00140920516184631
0.00140564099302649
0.0014018989319191
0.00139910793326801
0.00139643383545515
0.00139363296202207
0.00139107913928881
0.00138859686722471
0.00138632526194929
0.00138435224928233
0.00138310140866389
0.00138287704202836
0.00138343911970211
0.00138431002048424
0.00138509217419615
0.00138595216246077
0.00138685043941617
0.00138828080567377
0.00139041177252703
0.00139256350098981
0.00139465296900565
0.00139639550959514
0.00139751655860635
0.0013984390610922
0.00139926101517989
0.00140008680689449
0.00140039501148352
0.00140069414781897
0.00140063791178183
0.00140075121036074
0.00140125029443033
0.0014019314025535
0.00140299556885131
0.00140456855704373
0.00140621688045065
0.00140797045726243
0.00141035641526262
0.00141231016795647
0.0014134357964011
0.00141383803046473
0.00141350984382389
0.00141286830662198
0.00141209948650048
0.0014108702010547
0.00140918794619568
0.00140671728158192
0.0014034374231809
0.0013995904487058
0.00139529498033533
0.00139035264676609
0.00138504512558883
0.00138020844033421
0.00137573163494318
0.00137123362883404
0.00136740459430415
0.00136475492542125
0.00136277641749094
0.00136151120835672
0.00136043330179522
0.00136007486981473
0.0013605976235811
0.00136188527706296
0.00136319337672638
0.00136388883583458
0.00136479613046389
0.00136592820055849
0.00136720585884972
0.00136881398584407
0.00137047346586471
0.00137176400388312
0.00137344242170942
0.00137524821117611
0.00137688051538921
0.00137894703286136
0.00138099527207597
0.00138287437504399
0.00138470463285005
0.00138648354109208
0.00138768755582268
0.00138846024188562
0.0013889322874678
0.00138933289793755
0.00138999537204354
0.00139037315208091
0.00139200820863163
0.00139429034103992
0.00139684517945583
0.0013992368028471
0.00140122622435588
0.00140279248353565
0.00140427654228215
0.00140537352422707
0.001406276475787
0.00140728453416443
0.0014077553126141
0.00140802562893459
0.00140842711001593
0.00140873009939327
0.00140858010503803
0.00140851384706847
0.00140854059717553
0.0014084840490459
0.0014080686184123
0.00140748973132137
0.00140687662882091
0.00140629137292764
0.00140570100296694
0.00140592528407113
0.00140621932594293
0.00140696874708857
0.00140901877107392
0.00141225678159118
0.00141644699817905
0.00142119402343051
0.00142660308146953
0.00143212568162615
0.0014369363569993
0.00144135826476928
0.0014453929494587
0.00144873262943021
0.00145137533185269
0.00145369423644772
0.00145548592544516
0.00145635868402996
0.00145653711337388
0.00145659253202292
0.00145592728132302
0.00145446992975206
0.00145246156143812
0.0014499136633426
0.00144687025571882
0.00144322500300548
0.00143891448422382
0.00143456426662997
0.00142993465990699
0.00142509954146028
0.00142004551823729
0.00141492892100627
0.00140996309887374
0.00140566692988766
0.00140236791578573
0.00140004244891413
0.00139871754634842
0.00139878804197271
0.00139882953570979
0.00139842780939054
0.00139758017336687
0.00139688663292517
0.00139625051102956
0.0013952981006375
0.00139395324395569
0.00139245320401913
0.00139084539809944
0.00138928234404092
0.00138775203029489
0.00138594104800854
0.00138398210346526
0.00138199005646813
0.00137987820132346
0.00137786620498447
0.00137597870523389
0.00137438936476074
0.00137326031633143
0.00137266727724078
0.00137171926019166
0.00137092752124789
0.00137039444366788
0.00137020921820064
0.00137010858798194
0.0013697587252138
0.00136930870213466
0.00136867064507254
0.00136788697052907
0.0013673155859613
0.00136671635209654
0.00136601691069439
0.0013652076377214
0.00136420625800768
0.00136313964848899
0.00136187464089435
0.00135995658476171
0.00135771674964172
0.00135516516322189
0.00135221821048296
0.00134916417882282
0.00134611135431379
0.00134297519680186
0.00133985922371071
0.00133679039782112
0.00133424489855306
0.00133163486771662
0.0013290150457742
0.00132632256709554
0.00132420854118179
0.00132263066641928
0.00132161352448989
0.00132055718763481
0.00131945759662973
0.0013185199915195
0.00131749376950895
0.00131651780532774
0.00131500645795509
0.00131346218357464
0.00131200758779485
0.00131044993723391
0.00130935913075846
0.00130846118151269
0.00130783134318371
0.0013077081409788
0.0013083596286915
0.00130921735259822
0.0013102139997477
0.00131142491850507
0.00131275384821518
0.00131438152317424
0.00131654339505353
0.00131857545574749
0.00132063979840633
0.00132286809723261
0.00132504983882397
0.00132707819788975
0.00132872121748807
0.00132949727515898
0.00132962470055937
0.00132931465020572
0.00132856777003176
0.00132750890732093
0.00132612407796101
0.00132440288514272
0.00132249098905742
0.00132054667474083
0.00131902361859978
0.00131771080062534
0.00131685916164019
0.00131636052939747
0.00131604968391424
0.00131592509897763
0.00131569116399872
0.00131537851122672
0.00131491367692015
0.00131451518854316
0.00131394067872229
0.00131348344697421
0.00131371534443415
0.00131441816711029
0.00131524351654236
0.00131599530751458
0.00131665856158216
0.00131714019912436
0.00131731950546028
0.00131723276983592
0.00131671020143655
0.0013159450582724
0.00131437623569984
0.00131220155380558
0.00130967431132084
0.00130684561253036
0.00130414516160513
0.00130134817855956
0.00129852923490078
0.00129521504431135
0.00129150894015215
0.00128742212650415
0.00128316854131081
0.00127886040824246
0.00127471834226143
0.00127090493919188
0.0012672481502896
0.00126388394506464
0.00126076806181225
0.00125761205557412
0.00125427378938597
0.00125089541164527
0.00124736400788992
0.00124373630842205
0.00123950644374251
0.00123485025482562
0.00123002080987944
0.00122474395233707
0.00121916302036369
0.00121356297677377
0.00120777973194788
0.00120175418651816
0.00119534336604966
0.00118856528323331
0.00118172267569483
0.00117502162597933
0.00116945043096922
0.00116471850717349
0.00116072045768083
0.00115726711020528
0.00115460874128728
0.00115358450895207
0.00115339919855288
0.00115366813631931
0.00115434897606511
0.00115496503175828
0.00115649092595793
0.00115851259725154
0.00116044991877542
0.0011621146916853
0.00116382371052175
0.00116548774474674
0.00116732885749728
0.00116934155367174
0.00117132506360321
0.00117346382976984
0.00117573810962885
0.00117763739713778
0.00117873214346511
0.00117900918721196
0.00117921659946023
0.00117969289347889
0.00118019572460258
0.0011806515013982
0.00118132534099998
0.00118178914895668
0.0011820053253579
0.00118216855519331
0.00118181271711563
0.00118143625635828
0.00118079537934848
0.00118017443461222
0.00117956888498488
0.00117889489078795
0.00117804482509466
0.00117700085079493
0.00117591240125618
0.00117506393870648
0.00117466827977409
0.00117453377599026
0.00117452186783654
0.00117459797781712
0.00117443186277204
0.00117414152755852
0.00117399863152706
0.00117426830083382
0.00117486997394577
0.00117555648816633
0.00117622137068549
0.00117704771916296
0.00117739309199877
0.0011773359667058
0.00117748546074911
0.00117773935950091
0.00117827968607582
0.00117929873153401
0.00118042754037826
0.00118195315811505
0.00118369364612069
0.00118503548761908
0.00118633993149665
0.00118793764986615
0.00118948092897586
0.00119081763331209
0.00119219229733524
0.00119319649324115
0.00119407186550013
0.00119471351457887
0.00119484789299264
0.00119495778289439
0.00119468619999677
0.00119408197981831
0.00119345963216746
0.0011928200549936
0.00119215773108093
0.00119151228506878
0.00119117002904903
0.0011908568421255
0.00119072506897899
0.00119099323602369
0.00119116584343229
0.00119092692727652
0.00119041120422
0.00119015147071729
0.0011899467976316
0.00118997802681166
0.00118995310889564
0.00118993003850267
0.00119071548960445
0.00119159004071254
0.00119294644272216
0.00119481843429081
0.00119745383535386
0.00120045537213448
0.00120406061613904
0.00120806550199076
0.0012123649363497
0.00121686988782113
0.00122150142197582
0.00122645616241982
0.00123157473555346
0.00123636806783658
0.00124091355198803
0.00124529650041385
0.00124913138926174
0.00125242443245524
0.0012550648628688
0.00125702001105761
0.00125843001710998
0.00125936245710217
0.00125987941577481
0.00126030240241877
0.00126051009094859
0.00126102417194688
0.0012611817309189
0.0012612881537855
0.00126150945089518
0.00126179305472451
0.00126206616290336
0.00126252043934635
0.00126294966319922
0.00126357182845672
0.00126394559129604
0.00126397690686601
0.00126388375460507
0.00126402634132189
0.0012638696151067
0.00126336303291938
0.0012624596562042
0.0012616112906152
0.00126095482334823
0.0012602200439899
0.00125904215623701
0.00125724949684395
0.00125512407148825
0.00125315355564615
0.00125088627135858
0.00124864841317998
0.00124607605005931
0.00124319224379849
0.00124013071859545
0.00123713343451535
0.00123443630024137
0.00123157220086013
0.00122865614835659
0.00122566959394417
0.00122277946188936
0.00121951296066705
0.00121557633551299
0.00121170883488455
0.00120813827760657
0.0012047881638151
0.00120184853666009
0.00119902376023942
0.0011963748095665
0.00119383720192572
0.00119181322315301
0.00119041459461523
0.00118939751672373
0.00118859281927774
0.00118804926336697
0.00118775649677265
0.00118748982880279
0.00118706498986565
0.00118656118476919
0.00118581162043522
0.00118461562142559
0.00118320227026801
0.00118168041459841
0.0011801556061642
0.00117864863538454
0.0011772406015801
0.00117569190671452
0.00117380466099062
0.0011714330402889
0.00116898102392341
0.0011663931997348
0.00116375721480787
0.00116129822001212
0.00115873836007096
0.00115645602850069
0.00115432903936921
0.00115224692092597
0.00114982471929506
0.00114750538287281
0.00114534407403287
0.00114291884189462
0.0011402754458302
0.00113699078285314
0.00113375870642789
0.00113047175398023
0.00112702507196064
0.00112350476638537
0.00111975425500629
0.00111580635305189
0.00111187519404309
0.00110798886965381
0.0011043246139457
0.00110082381351085
0.00109728049345898
0.00109364824104329
0.00108974678067996
0.00108557795535075
0.00108137276190455
0.00107713883680614
0.00107273399259879
0.00106861015158963
0.00106514714627804
0.00106214073004439
0.00105943694338773
0.00105702813502164
0.00105456238601215
0.00105210534848052
0.00104946902809042
0.00104634764941062
0.00104253483878431
0.0010385325985325
0.00103449808781187
0.00103049070111837
0.00102633041190657
0.00102214141013235
0.00101859747242423
0.00101573975497178
0.00101297320910358
0.00101027203759908
0.00100806785564697
0.00100654947638895
0.00100553464382497
0.00100502268967076
0.00100483329089411
0.00100518466992173
0.00100634056016224
0.00100778274111862
0.0010092275852515
0.00101085565313429
0.00101231440431192
0.00101383240607261
0.00101516575446122
0.00101635145624159
0.00101742716201773
0.00101899438234345
0.00102074135899564
0.00102314123818989
0.00102606708195234
0.00102903564359114
0.00103215371576029
0.00103579572908834
0.0010396009491805
0.00104370994070358
0.00104802310836781
0.00105252971411854
0.00105719071748154
0.0010620026580948
0.00106672623444139
0.00107142734522126
0.00107576883361214
0.00108014199114751
0.00108466385973447
0.00108897087015257
0.00109306165556912
0.00109705176971401
0.00110081527233838
0.00110461634526328
0.00110873216353574
0.00111314013460544
0.00111714411065273
0.00112063225601384
0.00112367147939337
0.00112617530386121
0.00112818744387359
0.00112971003604027
0.00113113801820833
0.0011323248959267
0.00113325170645314
0.00113406690865641
0.001134816690294
0.00113527085079821
0.00113525224661804
0.00113480776232901
0.0011342205237392
0.00113333811952077
0.00113216491951983
0.00113053148231495
0.00112848286862496
0.00112628516058039
0.00112363439616888
0.0011206201535541
0.0011179433833496
0.00111548914776978
0.0011129273645874
0.00111009553187368
0.00110697614180935
0.00110335048311889
0.0010994865182795
0.00109570973868871
0.0010920831802437
0.00108878281998761
0.00108564322457414
0.00108281641810981
0.00108021192598438
0.00107783798055087
0.00107582306129487
0.00107401575044597
0.00107250890908168
0.00107108967740772
0.00106996524519572
0.00106914639852442
0.0010683340540036
0.00106775755776542
0.00106762355048125
0.00106800508542372
0.00106867589333417
0.0010694445325629
0.0010701377846421
0.001070862588086
0.00107125460498724
0.00107128123735308
0.00107120999645673
0.00107132713641521
0.00107134667563226
0.00107109434960648
0.00107075082283578
0.00107026094380203
0.00106962156422498
0.001068666750553
0.00106748778472827
0.00106608873361078
0.00106429234045189
0.00106198271909461
0.0010594656762387
0.0010569836715136
0.00105464238443482
0.001052784218062
0.00105137093189851
0.00105057662928833
0.00105020010232948
0.00104970849990875
0.00104937200171821
0.00104933250435669
0.0010496345265202
0.00105055789086206
0.00105196553638618
0.00105360619171706
0.00105516722630018
0.00105726359386292
0.00105964499443872
0.00106233969201549
0.00106492015586224
0.00106763225811372
0.00107009581501193
0.0010723966352606
0.00107457626143226
0.00107658319085471
0.00107842122751757
0.0010801415902522
0.00108169349330775
0.00108299630079278
0.0010841053757323
0.00108519029611827
0.00108611368430614
0.00108697894567482
0.00108764246322864
0.00108784507504349
0.00108770960820361
0.00108749467483939
0.00108728120342582
0.00108720885361271
0.00108699233910714
0.00108682733216574
0.00108674067236957
0.00108644209576086
0.00108593547291515
0.00108505813517909
0.00108391145857286
0.00108244749239591
0.00108085807379984
0.00107916124041601
0.00107720240271332
0.00107507213699187
0.00107284110498888
0.00107072235143274
0.00106854944348689
0.00106630929841926
0.00106412401341317
0.00106157688377145
0.00105876256481048
0.0010557918099974
0.00105269032572098
0.00104969423306759
0.00104689727893758
0.00104440094997426
0.0010421744285868
0.00104064705294882
0.0010392596091355
0.00103775215842945
0.00103627744967744
0.00103488242003227
0.00103344434635719
0.00103201951804814
0.00103061893208442
0.00102968993459083
0.00102881513008778
0.00102802035619931
0.00102735625931169
0.0010268557089234
0.00102664846343334
0.00102683585360711
0.00102718892484413
0.00102774508884438
0.00102832643587587
0.00102929805152422
0.00103065070868097
0.00103213268147263
0.00103349904017572
0.00103484173209296
0.00103612073543658
0.00103725091299692
0.00103854554850085
0.00103982162521431
0.00104072080345334
0.00104161814208456
0.00104226200517236
0.00104271185593852
0.00104305419068019
0.00104333782411806
0.00104353979774346
0.00104373279333843
0.00104398513238518
0.00104406009005244
0.00104381748367923
0.00104372862484215
0.00104371205548827
0.00104393268261214
0.00104458514867669
0.00104519473086131
0.00104581668152238
0.00104646658580986
0.00104711447248588
0.00104757057292433
0.00104794804993617
0.00104821815731826
0.00104831802669074
0.00104811107942176
0.00104752883706499
0.00104708021567426
0.00104624531524752
0.00104502454776648
0.00104343304846807
0.00104189415936448
0.00104019659756723
0.00103829916082181
0.00103605546048439
0.00103344819007551
0.00103059769611402
0.00102768904793023
0.00102488193873371
0.00102179882332195
0.00101850641143625
0.00101527051632761
0.0010122437390344
0.00100918775368531
0.00100617987903105
0.00100296259509758
0.000999546737938362
