0.00603233930272328
0.00603598973490101
0.00604478309244986
0.00605788981021998
0.00607602018680251
0.00609379330577584
0.00611219491392029
0.00612819272486594
0.00614224282021754
0.00615280176660955
0.00616227951983732
0.00617129146067162
0.00617889051385927
0.00618485896851168
0.00619310933848707
0.00620004316657936
0.00620704396624823
0.00621167680376028
0.00621169096036302
0.0062122052002985
0.00621366737981422
0.00621496248996312
0.0062133141994435
0.00620999580775203
0.00620702628107173
0.00620602091539791
0.00620721205141003
0.00621065323354169
0.00621364361077651
0.00621327031814092
0.00621178045818306
0.0062092702060884
0.00620845425034512
0.00620450344141573
0.00619473828042792
0.00618084222155837
0.00616207742668119
0.00614531190205878
0.0061282294724486
0.00611244573852
0.00609746449289009
0.00608361546251123
0.0060698885936255
0.00605916369585172
0.00605328466250452
0.00604881026803395
0.00604713613288669
0.00605312573457856
0.00605775372233416
0.00606370125220564
0.00607181646484207
0.00608444343157308
0.00609740184771079
0.00610754787322465
0.00611845403835317
0.00612977230752399
0.00614100570984043
0.00615090935214482
0.00615544454531338
0.00615522130385176
0.00615426667704626
0.00615152116912548
0.00614932286662466
0.006148581198439
0.00615203809943633
0.00615472753748352
0.00615567617945846
0.00615532495860475
0.00615534916305529
0.00615710650252606
0.00615796142546111
0.00616030450743137
0.00616205437381713
0.00616156232380099
0.0061634878890044
0.00616664672792074
0.0061687907465556
0.00617188735482593
0.00617305766862072
0.0061695914753271
0.00616409199976872
0.006161535337654
0.00615910612113461
0.00615669639089982
0.00615751710565399
0.00615707180872494
0.0061534342553924
0.00614552780282101
0.00613097579499129
0.00611436483347681
0.00609519278324036
0.00607453319877535
0.00605150476283305
0.00602683817147612
0.00600560366290349
0.00598849219062958
0.00597493705539565
0.00596249543583202
0.00595225596555992
0.00594443764915279
0.00593459103775571
0.00592583479577198
0.0059206521619847
0.0059162032692075
0.00591356398688855
0.00590935440056388
0.0059048462864523
0.00590640325705482
0.00591255889459311
0.00592313206929019
0.00593790292200869
0.00595603334980023
0.0059731949123998
0.00598759731524472
0.00600052544200163
0.00601360169167545
0.00602697082293401
0.00604116352120058
0.00605596621000903
0.00607080542229191
0.00608199718930376
0.00609202792210566
0.0061014705306081
0.00611153563038189
0.00612420456301375
0.0061353004909608
0.00614456784910108
0.00615511190573912
0.00616437010293489
0.00617668516465184
0.00618729298832933
0.00619406966672829
0.00619816534679169
0.00619953504531516
0.00619630090146806
0.00618709606557788
0.00617376179813232
0.00615957515869824
0.006142522366029
0.00612654860273854
0.00611098612796368
0.006093700875708
0.00607589293234728
0.00605539210896251
0.00603440622550623
0.00601297120086937
0.00599165851486841
0.00597396720024701
0.00595563825075426
0.00593807226465006
0.00591920568244241
0.00590095303820337
0.00588486360505057
0.0058705681995068
0.00586064155177263
0.00585360507337176
0.00584722706246851
0.00584261212611538
0.00584286350535963
0.00584424483184256
0.00584464232760072
0.00584822107457056
0.00585785604785622
0.00586837270543146
0.00587868822883425
0.00588909625243427
0.00589753596455735
0.00590955557025878
0.00592122386479348
0.00593272439339929
0.00594095299592218
0.00594643955710662
0.00595214654920636
0.00595791087773643
0.00596241106667892
0.00596046093690119
0.00595756973885611
0.00595492347502877
0.00595038488755264
0.00594589228364056
0.0059410646726942
0.00594114269526845
0.0059469874649654
0.00595071430156104
0.00595605759265243
0.00596228783136133
0.0059676362595735
0.00597248005746712
0.00597504182962773
0.00597747499270783
0.00597884601916041
0.00598148250317316
0.00598486599549788
0.00598819135385285
0.00598997678559994
0.00599112818303655
0.00599222837947965
0.00599053115288496
0.00598767769597002
0.00598454506348716
0.00598603385884805
0.00599319520241432
0.00599975182588326
0.00599944006413965
0.00599452726101582
0.00598738099785318
0.00598048008393936
0.00597313701848574
0.00596579482655472
0.00595734149320654
0.00594853297388054
0.00594286233506953
0.00593880090951784
0.00593553777253257
0.00593403039574076
0.00593173415830872
0.00592673956650774
0.00591964428058437
0.00591292012873974
0.00591019364018667
0.00590718542407336
0.00589957379300392
0.0058907870529819
0.00588259408071812
0.00587577924389984
0.00587076691316294
0.00587033038373615
0.00587274221325312
0.00587656431589775
0.00588277352707301
0.0058895921077314
0.00589554056982239
0.00589800315676271
0.00589774302664683
0.00589598725718721
0.00589118584982782
0.00588407180298344
0.00587469286041925
0.0058659987846316
0.00585879527020746
0.00585153189436313
0.0058470054767766
0.00584308066286961
0.00583893787793091
0.00583400930829453
0.00583187035025232
0.00583059065263004
0.00583622823723389
0.00584217185298795
0.00584766377825441
0.00585241631937804
0.00585579633022683
0.00585603355527481
0.00584975977199931
0.00584025001737094
0.00582968281825757
0.00581699907042573
0.00580303924254611
0.00578929334036735
0.00577530261303138
0.00576097994484229
0.00574649524666719
0.00573141735895375
0.00571386997741449
0.00570015695709594
0.00568842552396274
0.00567761337744265
0.00566768157165607
0.00565826224205405
0.00564852753892862
0.00564092701895122
0.00563864878067921
0.00563728569987045
0.00563851935639402
0.00564178738361457
0.00564749703500227
0.00565591926877398
0.00566371571916204
0.00567142964741169
0.00567756770211845
0.0056796051937421
0.00567651615952914
0.00567796542757592
0.00568148601587058
0.00568487652174772
0.00568996061977332
0.00569733638716781
0.00570798788672055
0.00571507770439561
0.00572224210557984
0.00573491095432097
0.00574682478445781
0.00576046276486433
0.00577362094633423
0.00578299545369807
0.00578693367090414
0.00579694150819531
0.00580871171918721
0.00581756384193755
0.00582351576783344
0.00582757181551709
0.00583033916965009
0.0058300568533391
0.00583257346860805
0.00582978852093395
0.00582403340516037
0.005813246509722
0.00579986522483187
0.00578292797779119
0.00576800265542864
0.00575508899030143
0.00574063069586078
0.00572336219838077
0.00570336602839412
0.00567900204902789
0.0056537543990904
0.0056288256267472
0.00560485311007314
0.00558275680756243
0.00556349781630886
0.00554773737544276
0.00553481178049249
0.00552764274379887
0.00553175873126782
0.00554124632035452
0.00555038883357903
0.00556191710163231
0.00557099340336719
0.00557824143482351
0.00558491251232142
0.00558898321465858
0.00559196642047468
0.00559467194810605
0.00559621180240306
0.00559776181840183
0.00560029751380763
0.0056042168566067
0.00560975796762399
0.00561657433734643
0.00562388980887792
0.00563485616887457
0.00564941741447563
0.0056620677322668
0.00567244217231251
0.00568273827777282
0.00569084133681142
0.00569656938707429
0.0057017733701302
0.00570789076284196
0.0057125991391606
0.00571709323779914
0.00571804140420212
0.00571839135482742
0.00571412279561923
0.00571203985932907
0.00570970106031044
0.00570487491069823
0.00569967383010595
0.00569186829957878
0.00568612184865798
0.00567840877506275
0.00566971512817276
0.00565575533916842
0.00564190190456336
0.0056305728788663
0.0056187107551827
0.00560680608838855
0.00559488235084097
0.00558320837486146
0.00557140595449002
0.00556145653739642
0.00555430598450318
0.005547969299608
0.00554660603350441
0.00554755168914953
0.00555025650124903
0.005551275643958
0.0055514028893904
0.00554889153626974
0.00554715648295761
0.00554286017505232
0.00553788904180761
0.00553381280668551
0.00552942131811514
0.0055292523518504
0.00552823927872425
0.00552571476135467
0.00552075767404527
0.00551618434274606
0.00551088538332023
0.00550528437348296
0.00550106573241922
0.00549689845581825
0.00549142545457946
0.00548664774554565
0.00548203467325235
0.00547761712796255
0.00547491441114535
0.00547144677292926
0.00546998122199237
0.00546813144421656
0.00546685498472311
0.00546458797330091
0.00546331460649204
0.00546342008746007
0.00546462275355927
0.00546723814537152
0.00546897568734283
0.00547554857968707
0.00548364303878223
0.00549302289969874
0.00549951422963683
0.00550309340200036
0.00550390440612727
0.00550484101229801
0.00550508427342888
0.00550332044550439
0.00549842834869762
0.00549417567555216
0.00549030928452528
0.00548317846754615
0.00547527631364
0.00546663198988858
0.0054589087319843
0.00544994795732484
0.0054356356856616
0.00541790922010602
0.00539895152300534
0.00537946765548265
0.00536721434614482
0.00535800588094583
0.00535062170839415
0.00534515148795375
0.00534300482779208
0.00534361375760772
0.0053464423694563
0.00535147231207944
0.00535899326775629
0.00536811741827428
0.00537432960111034
0.00537845262734949
0.00538399286894806
0.00538799161737167
0.00538832732004003
0.00538603130734014
0.00538330332891028
0.00538233359625414
0.00538515202613987
0.00539022260212335
0.00539764890877017
0.00540548115308187
0.00541221911600513
0.00541771841348786
0.0054195488598598
0.00542126649574581
0.00541982851695056
0.00541541209296269
0.00541055041773384
0.00540643893702447
0.00539948424958857
0.00538810897376851
0.00537751416315632
0.00536572929142682
0.00535380959605326
0.00533960886675882
0.00532365569532827
0.0053035811536491
0.005286966708856
0.00527153829599319
0.00525617364149687
0.00523913430317829
0.00522288935837316
0.00520860383362427
0.00519322169659444
0.00517945662938304
0.00516840196266762
0.00516341505793134
0.00516506611185723
0.00516866034299035
0.00517180439771973
0.00517862953683149
0.00518716734877693
0.00519922588143651
0.00521117836492273
0.0052242922165845
0.00523499287689406
0.0052464188611842
0.00526114278195803
0.00527552763991707
0.00529065923874148
0.0053045156814969
0.00532175328969847
0.005339394587991
0.00535925896554933
0.00537695408419708
0.00539394642600486
0.00540932574143604
0.00542298183073409
0.00543756880556694
0.00545285113825033
0.00546817260848022
0.00547952508114808
0.00548612195167564
0.00548732470508981
0.00548558369165703
0.0054815528578321
0.00547694192603841
0.00547280575806778
0.005466810077427
0.0054570715238604
0.00544432271557046
0.00542870667111025
0.00541200123341006
0.00539478347775464
0.00537758891661215
0.00536126711117739
0.00534366230553298
0.00532493943801221
0.00530248051409906
0.00527630846927744
0.00524781794802267
0.00521991541393468
0.00519634883236248
0.0051778878244649
0.00516402787660149
0.0051557556626024
0.00514687180098482
0.00513913373711685
0.00513767112072335
0.00514347517117117
0.00514896926078259
0.0051540953518684
0.00516108527858219
0.00517142479013252
0.0051793104570162
0.00518733898291737
0.00519535104252261
0.0052028325282679
0.00521124355089672
0.00522131021652935
0.00523287040112538
0.00524264336863194
0.00525072551024566
0.00526096649813097
0.00527006947807689
0.00527556912865383
0.00527855781679126
0.00528070980601122
0.00528449535489936
0.00528693090600258
0.00528504938669294
0.00528095674224154
0.00527634552598616
0.00527093534350974
0.00526654817621205
0.0052632409105394
0.00525864943370013
0.00525623957819542
0.00525555425516108
0.00525659733805637
0.00525800747420115
0.00525719561007385
0.00525322458544135
0.00524870017130083
0.00524691030829324
0.00524297224570994
0.00523740499930796
0.00523079312865735
0.00522063981265789
0.00521038301606374
0.00520013009405062
0.00518918798388933
0.0051779456691881
0.00516734087959251
0.00515771428163676
0.00515084971268728
0.00514397652147798
0.00513543290279687
0.00512413645794952
0.00511131036695888
0.00509733318317578
0.00508394563742139
0.00507583458259094
0.00507032601437157
0.00506856866981876
0.00506855385422931
0.00507402767652243
0.00507985169458215
0.00508718840825766
0.00509293534525018
0.00509721839219426
0.00509898297514344
0.00510051785437035
0.00510443598916086
0.0051094521698374
0.00511627460611849
0.0051260330819583
0.00513627388337826
0.00514551580123485
0.00515518012601836
0.00516296898692656
0.00516993145951446
0.00517741078421471
0.00518298421185265
0.00518532833335149
0.00518550693787641
0.0051849934375483
0.005183535465561
0.00517992488645386
0.0051773470211923
0.00517684049840034
0.00517704013182136
0.00517772764682292
0.00517749108227776
0.0051784037397963
0.00517982280572315
0.00518384844005059
0.00518779644176212
0.00519038699269826
0.00518956384615728
0.00518607959174024
0.00518130715115975
0.00517445493313575
0.00516372930056475
0.00514901568870106
0.00513363568191049
0.00511932302906465
0.00510439415777883
0.00508520662372863
0.00506954407992793
0.00505712339155633
0.00504860487332932
0.00504054780119197
0.00503094330738769
0.00501995479519615
0.00501005857895732
0.00500054098588608
0.00499247423287827
0.00498473489509175
0.00497900813243874
0.0049795755581158
0.00498296231677014
0.00498987350201988
0.00499527195126272
0.00499800060138554
0.00500275180459977
0.00500828208586424
0.00501231354384862
0.00501609171880174
0.0050195485533698
0.00502451755345576
0.00502970205266089
0.00503211765014706
0.00503092918902268
0.00502667943568907
0.00502209675907015
0.00501625561625103
0.00501054657811505
0.00500787134682557
0.00500513655981042
0.00500177981012846
0.00499918994774685
0.00499695266804444
0.00499374585210534
0.00499020566824897
0.00498497135074596
0.00498068388553001
0.00497773247950019
0.00497424721580684
0.00496621667953904
0.00495724010234107
0.00494853037308657
0.00494137373798339
0.00493589786309681
0.00492998919760664
0.00492267205505671
0.00491705890550379
0.00491518994468845
0.00491476998736164
0.00491440952263528
0.00491564678447068
0.00491469959068836
0.00491333806892123
0.00491259393594708
0.00490870833537745
0.00490334412939933
0.00489826121530849
0.00489148383396089
0.00488280303725633
0.00487354611274722
0.00486427737733942
0.00485578004760641
0.00484962912533255
0.00484358669464275
0.0048365163718332
0.00483019710760846
0.00482634934598538
0.00482252266838976
0.00481754519318737
0.00481262061616861
0.00480769583537424
0.00480173960146569
0.00479508185647131
0.00478822663002685
0.00477933262389303
0.0047675563752204
0.00475539609602531
0.00474336641562518
0.00473507877056475
0.00472493315692581
0.00471624591685166
0.00470798436264335
0.00470040374764345
0.00469406329568595
0.00468881809736835
0.00469059665561035
0.00469823862100269
0.00470683823137305
0.00471660401874473
0.00472765261386326
0.00473868716129773
0.00474842132094585
0.00475819770132305
0.00476972677624071
0.00478206338631389
0.00479224304398403
0.00480355419228441
0.00481280314088954
0.00482084032480805
0.00482647803606291
0.00482845972741144
0.00482735972815264
0.00482578360919763
0.00482213975589069
0.0048167084710361
0.00481478150364696
0.00481429602008009
0.00481469155343105
0.00481353923289414
0.00481357408579301
0.00481299103339816
0.00481156624970792
0.0048095074051476
0.00480630130068973
0.00480064116866268
0.0047915445295645
0.00478124965749124
0.00477185393330773
0.0047631510356505
0.00475562912721072
0.00474605519131669
0.00473391197763307
0.00472269031827087
0.00471263179536887
0.00470318182200017
0.0046946565370092
0.00468493493265923
0.00467537009332605
0.00466644430695502
0.00465833643540108
0.00465224939587372
0.00464968477845328
0.00464771924153364
0.0046477534337491
0.00465196496558352
0.00466221779045185
0.0046709272732879
0.00468395260745453
0.00470167847097691
0.00472102644672684
0.00473961900759039
0.00475750822059619
0.00477495388567981
0.00479157040969682
0.00480516237128521
0.00481451044911035
0.00482308543891165
0.00482911271146079
0.00482990618984672
0.00482657750241184
0.00481825655362565
0.00480487847520815
0.00478780320112096
0.00476873137369787
0.00475082261573656
0.00473133479395499
0.00470968643459588
0.00468656911412591
0.00466449393207174
0.0046433325714353
0.00462338370645097
0.00460176189893326
0.00458075495579741
0.00456242207582797
0.004547140328968
0.00453480478689382
0.00452631345755272
0.00451992965932837
0.0045155747937968
0.00451535034990076
0.00451884346342559
0.00452335990757331
0.00452785508524795
0.00453259770602086
0.00454011666219498
0.00454858060249104
0.00456016250195128
0.00457320867751191
0.00459135889957766
0.00460877138335799
0.0046242478877726
0.00463751470484989
0.00464865230388629
0.00466017641238904
0.00467439528233443
0.00468793649832164
0.00470261632230717
0.00471789345681716
0.00473242949698412
0.00474693642608506
0.00476154233930166
0.00477847023251468
0.00479557464669511
0.00481069662543121
0.00482259153742913
0.00483229679144203
0.0048388885542242
0.00484178026416456
0.00484116041790942
0.00483802831398097
0.00483168250930431
0.00482077114257003
0.00480773988252718
0.00479324761265309
0.00477647182549891
0.00475795770674672
0.00473753513137259
0.00471510148605694
0.00469197295379006
0.00467087490363373
0.00464892337138319
0.00462616897483198
0.00460534371505894
0.00458589224730455
0.00456579948428511
0.00454777052290912
0.00453219358906735
0.00451953774102719
0.00450936010300614
0.00450002381113593
0.00449000023404118
0.00448200991589602
0.00447673729754041
0.00447354426082279
0.00447264926620021
0.00447663218691025
0.00448601219865651
0.00449505869667173
0.00450295160751699
0.00451252554575614
0.00452258590238336
0.00453586208972926
0.00455149091321809
0.00456739531544551
0.00458729256101975
0.00460906701285992
0.00462865055921861
0.00464542092893634
0.00465901897386084
0.00466998417924659
0.00467939193996595
0.0046865326455549
0.00469427888889929
0.0046977209359133
0.00469994388510737
0.00470245325728314
0.00470286212750809
0.00470049704216529
0.00469940456147424
0.00469770874952815
0.00469431823920747
0.00468945946506994
0.00468257673225477
0.00467533476014652
0.00466638323103591
0.00465479804503896
0.0046398443219941
0.00462580686765076
0.0046126745342654
0.0046012799381019
0.00459125273030597
0.00458398304149633
0.00457762029447673
0.00456904435936982
0.00455998347009703
0.00455114844891071
0.00453962107650234
0.00452863092791844
0.00451967547756354
0.00451332154542216
0.00450949549245064
0.00450610823177708
0.00450299005928231
0.00449706325126112
0.00449057662086094
0.00448655463455165
0.0044841343407823
0.0044818278863768
0.00447796829443078
0.00447372004617631
0.00446768370212744
0.00445986878666692
0.00445424448355853
0.00445046135589891
0.00444802860866508
0.00444611970460753
0.00444201023707691
0.00443621588237221
0.00442987365157762
0.00442276689889505
0.00441651661083534
0.0044107005941552
0.00440734505310081
0.00440442064243715
0.00440363503470959
0.00440710906034122
0.00441470943271602
0.00442274333686338
0.00443293498833688
0.00444110849591899
0.00444528038678026
0.00444935426821269
0.00445630901487695
0.00446454577728024
0.00447277827630366
0.00447806215784503
0.00448302019754944
0.00448739731703942
0.00449066924553739
0.00449191869231583
0.00448892609291185
0.00448454538277632
0.00448114986856748
0.00447717260567887
0.00447264524896055
0.00447177408759058
0.0044717541363319
0.00447391858604875
0.0044771608024226
0.00447863863852318
0.0044781473061814
0.00447729505798678
0.00447787573351662
0.00447486970649356
0.00447116754238386
0.00446589702812962
0.00445861955950827
0.00444831267035701
0.00444037042904318
0.00443548276739575
0.00443152564676428
0.00442780861086936
0.00442319655495239
0.00441779017883413
0.00441342291909019
0.0044085359087467
0.00440497666983687
0.00440060733341277
0.00439698977068456
0.00439396475826645
0.00438952252353611
0.00438571775511401
0.00438445154113879
0.0043852409906913
0.0043905115473188
0.00439547824967446
0.00440087876066409
0.00440663380107999
0.00441146114131376
0.00441498957474012
0.00441764236552422
0.00441756645814874
0.00441434325678272
0.00440781582486669
0.00440315262055195
0.00439910555852307
0.00439395693849702
0.00438984747985186
0.004387072242152
0.00438092965260204
0.00437487388195232
0.00437057400932003
0.00436707939356603
0.00436381586634439
0.00436389232032855
0.00436466147257926
0.00436246727776441
0.00435946020333422
0.00435798416863088
0.00435535670749021
0.00435186164866335
0.00434602713858168
0.00433889165476733
0.00432927181505899
0.0043190123955838
0.0043076480142607
0.00429938964062538
0.00429356899465987
0.00428699215794678
0.00427919243175754
0.00427158489119762
0.00426592950427695
0.00426245934181016
0.00426366218096771
0.00426803376402772
0.00427336921207048
0.00427965208960411
0.00428721880263862
0.00429386161627008
0.00429948026549919
0.00430592968653
0.00431340248314202
0.00431886823682954
0.00432410605685709
0.00432910669226637
0.00433500930349885
0.00433862531664603
0.00434202057533104
0.00434486756611199
0.00434439116604023
0.00434098973051054
0.00433854953665515
0.00433579238259327
0.00432961226271677
0.00432132790372979
0.00431391427368053
0.00430631507902545
0.0042961396188619
0.00428526267212598
0.00427569792884626
0.0042661172832115
0.00425803876138779
0.00425010372636169
0.00424163239657201
0.00423439667122871
0.00422623380078405
0.00422060365400709
0.00421690965191316
0.00421270447035463
0.00420671928451751
0.00420032201987087
0.00419373248849283
0.0041885628392953
0.00418404762560339
0.00418375964376226
0.00418901952958126
0.00419444961097908
0.00419850294243239
0.004203571941314
0.00420884684470327
0.00421437208132615
0.00422371481116425
0.00423425311352878
0.0042419136811131
0.00424884237113769
0.00425466638793379
0.00426068425659484
0.00426979045147002
0.00428079240977862
0.00428864875101141
0.00429466323011668
0.00430091564142171
0.00430777571567782
0.00431702336811927
0.00432619587784219
0.00433206980364872
0.00433411063638793
0.00433163668034855
0.00432553813869853
0.00431594608062799
0.004307221078618
0.0042989605715098
0.00429216064089044
0.00428277834495885
0.00427184933191256
0.00426075714125664
0.00425292747911751
0.00424734480859974
0.00424356083577439
0.00424114770535461
0.00424135490599671
0.00424420774686206
0.00425103922794378
0.00425810881757688
0.00426544789132391
0.00427481499046731
0.00428320152630186
0.00429152590304417
0.00429804634254867
0.00430360267592444
0.00431038754537823
0.00431709919201815
0.00432341721292972
0.00432748055179106
0.00432855941552857
0.00432847361940112
0.0043267747279883
0.00432293857814657
0.00431856937566035
0.00431733531714708
0.00432049380138312
0.00432385921014683
0.00432621656548586
0.00432824496181204
0.00432875589748661
0.00432701341618121
0.00432445187341547
0.00432118163194606
0.00431643623658074
0.00430853157647285
0.00429842468849701
0.00428691446915856
0.00427461317230195
0.00426285696084403
0.00425291960438061
0.00424338427693975
0.00423247903343036
0.00422056494791568
0.0042075936553163
0.00419702987997672
0.00418667044733889
0.00417558249251525
0.00416645093435977
0.00416170046300896
0.0041638356397833
0.00416771248335912
0.00417303383358323
0.00417992265713141
0.00418695186772256
0.00419388343202412
0.00420113663302003
0.00420869107012583
0.004216796261826
0.00422343218544022
0.00422643468969268
0.00422728947425373
0.00423049071865135
0.00423262327754862
0.0042330747659184
0.00422943979391448
0.00422375893762436
0.00422144658485113
0.0042220246432954
0.00422493759963074
0.00423014158038796
0.00423646153280592
0.00424569306250927
0.00425308619549981
0.00425871528261105
0.00426418222846091
0.00426881757592308
0.00427382467106148
0.00427757433034584
0.00427683577011611
0.00427361077525024
0.00426849137770452
0.00426233082167305
0.00425686360165973
0.00425108897343064
0.00424669872441757
0.00424135396156511
0.00423839696628297
0.00423699802405544
0.00423832988950037
0.00424050910328896
0.00424355521963647
0.0042471455550628
0.0042494503944703
0.00425185026793498
0.00425216943952468
0.00425432893274761
0.00425829335974669
0.00426195050387866
0.00426617610714189
0.00426809683989855
0.00426863987334264
0.00426430251103344
0.00425730735679784
0.00425005335515305
0.00424220353154067
0.00423469569127111
0.00422457011123502
0.00421434685901846
0.00420321208235452
0.00419161571198862
0.00418172461361419
0.00417316460398137
0.0041649173965977
0.00415685381625459
0.00415290337216977
0.00415051519152275
0.00414773122261919
0.00414240609488926
0.00413373919493828
0.00412252780370761
0.00411010559809021
0.00409749147553759
0.00408528053158334
0.00407153336428964
0.00405467004088035
0.0040402272177094
0.00402848273586008
0.0040172913647845
0.00400992350826461
0.00400406683261946
0.00400143609404031
0.00400268266368849
0.00400643093730163
0.00401427674748956
0.00402392907415898
0.00403731150608501
0.0040530920918278
0.00406940648170586
0.00408769072095052
0.00410572226456258
0.00412428886135797
0.00414351781890104
0.00416093660113721
0.00417831858396671
0.00419300274299911
0.00420670709081811
0.00421868243456849
0.00422610176926892
0.00423220151617791
0.00423750285523867
0.00423927015588079
0.00423950667705303
0.00423855733967499
0.00423654717169297
0.00423524846589875
0.00423037434542877
0.00422307261344327
0.00421465300781133
0.00420870842573808
0.00420470028704809
0.0041995618189104
0.00419073555274107
0.00417838311535209
0.00416290383553208
0.00414518952318039
0.00412497626209142
0.00410308617104898
0.00408052579857973
0.00405584972637151
0.00403051511984236
0.00400563444275251
0.00398113675744738
0.00396085742692635
0.00394427283387786
0.00393291742706952
0.00392629046517455
0.00392557205298241
0.00392790051229393
0.00393631508874494
0.00394967780539087
0.00396756393686152
0.00398539943902578
0.00400387348801333
0.00402351645583547
0.00404435068461029
0.00406930391403951
0.00409205697766982
0.00411302043973872
0.00413479589264987
0.00415616383459448
0.00417572912246639
0.00419454834489851
0.00421204305027049
0.0042278881124232
0.00424201623837527
0.00425303486041486
0.00426118819130816
0.00426717243733107
0.00427091017177737
0.00427167095680781
0.00427037814198463
0.00426950728674832
0.00426831852931221
0.00426399772845469
0.00425530426352681
0.00424371623195445
0.00422967009723608
0.00421647195999216
0.00420243754717853
0.00418643181545219
0.00416867073253659
0.00414730157903292
0.00412362792683266
0.00409854441144528
0.00407109396837818
0.00404237124602587
0.00401369204293613
0.0039842290836399
0.0039567867702083
0.00393334009598151
0.00391372769644332
0.00389978398683381
0.00389235819716697
0.00388730172532291
0.00388519047597801
0.00388679840767853
0.00389388639876889
0.00390589926143038
0.0039214533657365
0.00393993750570755
0.00396054933810464
0.00398276452193416
0.00400576916226612
0.00402729814694736
0.0040478447493864
0.00406667621542614
0.00408492697518787
0.00410236569099408
0.00411635188326752
0.0041273412319781
0.00413605527672773
0.004140616679517
0.00414356084505042
0.0041449273098744
0.004145125387443
0.00414263803932417
0.00414056524559078
0.00413738362909379
0.00413232776272563
0.004127684604465
0.004124464078156
0.00412149340969889
0.00411944970577815
0.00411241432730933
0.00410277386568344
0.00409027059387683
0.00407373994321157
0.00405362625638689
0.00403444119178564
0.00401517711228522
0.00399616482998584
0.00397587712629823
0.00395516584989271
0.00393349902756651
0.00391047851701742
0.00388955095505565
0.00387221723047153
0.00385644769929873
0.00384197269901225
0.00382652077636044
0.00381228301978784
0.00379886756393587
0.0037878730231652
0.00378176261891434
0.0037790480681073
0.00377897119548286
0.00378190699851708
0.00378607880319387
0.00379425073899344
0.0038036886296609
0.00381372781123575
0.00382727282787743
0.00384269912609879
0.00385900062749514
0.00387416419388846
0.00388895086263845
0.00390318991915056
0.00391571335150193
0.00393133452186126
0.00394626812666826
0.00395860712700659
0.00396858738534194
0.00397866932187989
0.0039882579807514
0.00399768749717026
0.00400559287254616
0.00401315242675544
0.00401947102585838
0.00402250383494016
0.00402310104258085
0.00402050122403452
0.00401646827389728
0.00400961056053146
0.00399985818830903
0.00398840949597352
0.00397638756890307
0.00396352918820566
0.00395077168944864
0.00394105599038171
0.00393186789981162
0.0039252708617232
0.00391831908484897
0.00391145248215172
0.00390165367561374
0.0038902008157387
0.0038784362755367
0.0038669745447472
0.00385622959194626
0.00384590250001007
0.00383648199829896
0.00382810236437337
0.00381751332996361
0.0038051995106143
0.0037924661569865
0.00378108854170693
0.00376963869636494
0.00376037174554317
0.00375279329446062
0.0037480475639481
0.00374561861883162
0.00374521468802657
0.00374974255621077
0.00375732694272246
0.0037642212603431
0.00377222504238003
0.00378168694057687
0.00379240260427316
0.00380524847937602
0.00381970788439307
0.00383575792696655
0.00385014484561193
0.00386304110371684
0.00387466017279867
0.00388317818914645
0.00389010870674297
0.00389682665747329
0.0039021489824841
0.00390481247095755
0.00390454480304054
0.00390536893313197
0.00390615507361023
0.00390664348350489
0.00390655462376315
0.00390608654800022
0.0039041030670239
0.0039023386146163
0.00390265173151803
0.00390055019352935
0.00389799532357406
0.00389335811707985
0.00388864051206339
0.00388674061710169
0.00388514956178402
0.00388438377717016
0.0038824631898171
0.00387987611196089
0.00387778696579199
0.00387625310452335
0.00387424014062285
0.00387251600269042
0.00386960729996499
0.00386885467562883
0.00386821342275154
0.00386692744258953
0.00386612950285388
0.00386678531521285
0.00386879686766305
0.00386953784449866
0.00387105181555106
0.00387279709757386
0.00387271915404472
0.0038697035715325
0.00386407430797243
0.00385596480401547
0.00384743941523789
0.00384225081585545
0.00383668077218525
0.00383071505023941
0.00382474914202127
0.0038198476953114
0.00381584912000129
0.00381061456421704
0.00380384171651994
0.00379856497771961
0.00379210606053846
0.00378398904290491
0.00377422544265009
0.00376503642840877
0.00375634130305306
0.0037507409829695
0.00374603305712569
0.00374377411159071
0.00374187863957927
0.00373925921116349
0.00373521696684648
0.00373001068078413
0.00372567139857264
0.00372116026730408
0.00371691879911819
0.00371539048496274
0.00371470727868442
0.00371625510621625
0.00371726738127745
0.00371495318263375
0.00371288114449891
0.00371213710123873
0.00371279839260367
0.0037131510516834
0.00371276362988098
0.00371280061360264
0.00371434242233898
0.00371669161734797
0.00371998770426998
0.00372440056573996
0.00372815632931245
0.00373180624359157
0.0037359461191107
0.00373943650800939
0.00374177207564661
0.00374008398910229
0.00373902678905047
0.00373680608595073
0.00373532748703306
0.00373453597117393
0.00373317907338461
0.00373299329106137
0.00373597914287977
0.00374061894418652
0.00374440675811804
0.00374809061016232
0.00374987990573292
0.00375174001903667
0.0037539252142415
0.00375748359594351
0.00376024368288199
0.00376249509972013
0.00376352353783499
0.00376351289081954
0.00376206094288302
0.00376003409076792
0.00375745161068469
0.00375309231264079
0.00374711314607779
0.00374053070774959
0.00373372804082573
0.00372691303292582
0.00371819256316812
0.0037090388960852
0.00370137268133984
0.00369441768788645
0.00368911747737713
0.00368348073832043
0.00367729532947159
0.00367043333971007
0.00366240745110587
0.00365298063043261
0.00364307550826361
0.00363358605276834
0.00362536380250188
0.00361996372095071
0.00361592430747456
0.00361374290911737
0.00361316086172601
0.00361214417047397
0.00361023992002949
0.00360923848671763
0.00360691338349984
0.0036065004987827
0.00360684164364419
0.00360846309852741
0.00360968598521289
0.00361131534206165
0.00361553341922235
0.00361976772121564
0.00362622678093968
0.003633057636296
0.00364019574270014
0.00365026968139178
0.00366220728523496
0.00367382068445638
0.00368444362222379
0.00369377661807057
0.00370076001101341
0.00370493304052168
0.00370887020097302
0.00371340548685813
0.00371667209474017
0.00371835840153921
0.00371827841950076
0.00371843818093677
0.00371927665950844
0.00371744397669759
0.0037135942539936
0.00370702196497883
0.00369903135059166
0.00369222141609603
0.00368603414050617
0.0036798350220804
0.00367320176174575
0.00366650673644027
0.00365974685648496
0.00365062807012626
0.00364049999152675
0.00363022895193594
0.00361869760909251
0.00360588092066015
0.00359148385356914
0.0035764587673265
0.00356290075598934
0.0035506180752811
0.0035397189766148
0.00353040743048686
0.00352169492730072
0.0035135016876991
0.00350781630532136
0.00350573449054302
0.00350538521388639
0.00350464872407492
0.0035045480892567
0.00350608528586619
0.00350926480749608
0.00351543905614741
0.00352626778297911
0.00353886998327873
0.00355109158943554
0.00356384287775755
0.00357649764449002
0.00358948917760786
0.00360148813148658
0.00361150923886544
0.00362089548691359
0.00363134987986155
0.00363852737010605
0.00364565802881206
0.00365078419808881
0.00365469928594639
0.00365966962726128
0.00366383481348354
0.00366539611798407
0.0036635047256568
0.00366150799942902
0.0036595424829561
0.00365472885045932
0.00364776581055948
0.00363870328722316
0.00362818969144396
0.00361705355398646
0.00360473176625701
0.00359240048375684
0.00357944201853461
0.00356684907482133
0.00355371354939117
0.00354042785226697
0.00352576681630287
0.00351318919159311
0.0035029424013456
0.00349352339067333
0.00348336020169033
0.00347281657488855
0.00346234097571984
0.00345279304162302
0.00344317706520387
0.00343497975654943
0.00342839306339076
0.0034213590906823
0.00341513569178026
0.00341335278386882
0.00341375633278747
0.00341737780092017
0.00342474721595584
0.00343572551423954
0.0034502579249989
0.00346485840971717
0.00347979149099827
0.00349513997245383
0.00351025566435432
0.00352505884612844
0.0035394813429993
0.00355467166704097
0.00356891597496609
0.00358173121296767
0.00359215114935948
0.00360081283694371
0.00360871990561021
0.00361684855293816
0.00362365029529193
0.00363013472928985
0.00363436059683726
0.0036368403617039
0.00363622563471865
0.00363642786572122
0.00363657645436531
0.0036361549347036
0.00363417552694445
0.00363176924847067
0.00362965346310394
0.00362701119006826
0.00362192832762281
0.00361532715246579
0.00360893003988905
0.00360066397768824
0.00359029754394819
0.00357881208726479
0.00356548325884877
0.0035521378233012
0.00353817371298862
0.00352405360661506
0.00350757212764864
0.00349112969480737
0.00347388054290445
0.00345692591974585
0.00344283598617019
0.00343018483280602
0.00341832102098837
0.0034099975814314
0.00340350539147376
0.00339599335497667
0.00338845839982248
0.0033827094732283
0.0033770420224545
0.00337285244794667
0.00337119053029455
0.00337087819482893
0.00337182150250119
0.00337535302055433
0.00338086826158657
0.00338847645529966
0.00339623207995167
0.00340427277511707
0.00341422088895607
0.0034237813892715
0.00343522170162585
0.00344896124770236
0.00346080826404003
0.00347122424149382
0.00348154046853022
0.00349231834712194
0.00350158901882375
0.00350955718988124
0.00351529032334242
0.00351999506656498
0.00352432174826552
0.00352692347879752
0.0035282966255791
0.00352895738020629
0.00352827500263233
0.00352559478933036
0.00352267895486671
0.00351835631083557
0.00351216057883195
0.00350260860299899
0.00349118155563702
0.00347996039008781
0.00347107811876997
0.00346310538042014
0.00345645397956525
0.00345278702626063
0.00344797680060781
0.00344334476046647
0.00343959949446729
0.00343669369905052
0.0034339357774628
0.00342946224788786
0.00342568547956614
0.003421466735008
0.00341746917780463
0.00341364240925062
0.00341159561671853
0.00340937480550547
0.00340866367644079
0.00340892048736715
0.0034101300562201
0.00340928928408913
0.00340750294149612
0.00340637188240339
0.00340844463341331
0.00341055288680411
0.00341552622393657
0.0034230959997062
0.00343123456837486
0.00343814854596836
0.00344504183782819
0.00344967991849212
0.0034528303049494
0.00345482018992747
0.00345484068240359
0.00345372832313255
0.00345113856822805
0.00344836936831467
0.00344643696739432
0.00344472694813846
0.00344335933554579
0.00344263689027335
0.00344009829831513
0.00343598813961196
0.00343037705048109
0.00342562996640422
0.00342115116113667
0.00341848977224616
0.0034156073339128
0.00341176059022232
0.00340857512406714
0.00340604162131684
0.00340421190358883
0.00340260965166359
0.00340387219369515
0.00340618840464259
0.00340908013621316
0.00341373180810489
0.003417480042313
0.00342163346556216
0.00342498478117592
0.00342640170891011
0.00342541063338297
0.00342533661931436
0.00342672508793046
0.00342672328794165
0.00342524759751973
0.0034231485030687
0.00342331994174294
0.0034231811370836
0.00342391725435396
0.0034242175952765
0.0034233375273397
0.00342255138316762
0.00342056313905185
0.00341857635402315
0.00341702284926147
0.00341657679123064
0.00341454080279654
0.00341281937856609
0.00341076675842928
0.00340876060094175
0.00340673298044603
0.00340349747318394
0.00340043298248411
0.00339661193092912
0.00339462824370076
0.00339128264459351
0.00338734621575677
0.00338405413094128
0.00337963541061689
0.00337531060800856
0.00337039590262525
0.00336374663849092
0.00335633561735462
0.00334929766868449
0.00334156043821101
0.00333345734620203
0.00332695341854822
0.00332098286087014
0.00331585256747369
0.00331392171595736
0.00331401927554876
0.00331487163550702
0.00331661356710165
0.00331881022231299
0.0033214560188036
0.00332792497922581
0.00333516190875155
0.00334238134391115
0.00335032125329
0.00335725081307706
0.00336566106891374
0.0033754341022114
0.00338389007003802
0.00339261938719701
0.00340059617025184
0.00340674257865412
0.00341238559471634
0.00341817843445152
0.00342373303201731
0.00342728803643609
0.00342944761546151
0.00343087688228965
0.0034312402920689
0.00343119028666343
0.00342994049777949
0.0034282188688057
0.00342504120730847
0.00342183318717694
0.00341883794481337
0.00341467903105439
0.00341043949691768
0.00340519135144612
0.00339781347613123
0.00338794096840959
0.00337593347897471
0.00336388800675903
0.00335375856674024
0.00334261944107935
0.00332993034001619
0.00331872446177626
0.00330732452545245
0.00329562762336368
0.00328492694174527
0.00327401846751288
0.00326330939956985
0.00325302037252117
0.00324605365138642
0.00324229301046054
0.00323908709190932
0.00323762224980425
0.0032380546237954
0.00323876739456089
0.00324140279462425
0.00324568365236639
0.00325179990290434
0.00325937618803167
0.00326875709619763
0.00327890131877402
0.00329070444342846
0.00330376213012797
0.00331807994489775
0.00333291525672695
0.00334843804894017
0.00336302341013475
0.00337794862540662
0.00339133040757593
0.00340291708541892
0.00341210598198945
0.00341980673446201
0.00342480219341899
0.00342583550952019
0.00342396186189909
0.00342079904290446
0.00341539283476914
0.00340569529129405
0.00339468827543655
0.00338352600652973
0.00337124631920575
0.00336043323522459
0.00334891944637239
0.00333733011603682
0.00332671744435044
0.00331546254814867
0.00330347749505959
0.00329210613426029
0.00328187589021823
0.00327187489060058
0.00326188303894206
0.00325187370594505
0.00324495491800178
0.00323939306745579
0.00323537705344675
0.00323310501801195
0.00323236967622008
0.00323085062250576
0.00322820661829077
0.00322696160344441
0.00322484095041855
0.00322191549847492
0.00321808580702588
0.00321578859303155
0.00321452167844676
0.00321478506846068
0.00321575812582661
0.00321535078393908
0.00321697140973666
0.00322093219860356
0.00322569829045125
0.00323097738812875
0.00323528690173097
0.00323809656387309
0.00324036610340057
0.00324318558214151
0.00324690771754625
0.00325114419763096
0.00325619402964017
0.00326226241094671
0.00326807274563632
0.00327460479766121
0.00328059643392344
0.00328572720289001
0.00328972033860012
0.00329504302440963
0.00330014364135951
0.00330296967499006
0.0033034068524289
0.00330257356020418
0.00330158160661786
0.0032995338843161
0.00329497998146562
0.00328989172586708
0.00328474866587989
0.00328384554842546
0.00328468075253742
0.00328736941531176
0.00329068918703944
0.0032934581703183
0.00329429841464154
0.00329435292388094
0.00329557110828596
0.00329744220717678
0.00329782625371364
0.00329508016551274
0.00329118062887004
0.00328665655985184
0.00328361758270368
0.00328284055061093
0.00328286633366041
0.00328213516016599
0.00328202794858601
0.00328187834050811
