0.732635673808753
0.781008816028629
0.819993981092922
0.849102122892792
0.873689130981195
0.893401749031701
0.910024322688229
0.927246621907065
0.944528586495314
0.958758688017807
0.97009208154279
0.977563392237072
0.98456846072558
0.98904403751257
0.989759192998973
0.988064358894464
0.983722429543523
0.976493594060998
0.966581321517925
0.954471967574803
0.944302513299273
0.936304346576843
0.930220605329355
0.924974273697561
0.92089827267693
0.918548541677327
0.917018259614956
0.917530679318733
0.918811043245298
0.919546465303493
0.919572257758216
0.918641983770966
0.918960522126941
0.920456648981696
0.922224931024723
0.924473094086381
0.927808098396482
0.93225780120078
0.937278599902782
0.941631933349149
0.945028841212455
0.948320310609835
0.952193758092829
0.955774604480011
0.959052061782196
0.961406077684274
0.962849568574943
0.963202729245258
0.962527689364581
0.960929837319794
0.958378934392095
0.955381567518946
0.952009827284384
0.9487514417378
0.946232942179458
0.94409185400157
0.9419821539899
0.939672319043714
0.93752728063259
0.935449871762907
0.933269565902482
0.931827058297457
0.931455381159983
0.931263959708561
0.931284177643555
0.931844323918636
0.932419189510346
0.932980284082322
0.933470188833304
0.933698611904789
0.934037956837953
0.93506918090203
0.93619908588885
0.93711049547968
0.93756653310631
0.937765492320716
0.937896121043324
0.938154202543836
0.938436307118642
0.938957711955424
0.939705077028314
0.940238530447266
0.9405536695021
0.940550231167679
0.940479826341069
0.940248700033751
0.939472232560615
0.938196500615504
0.936709593703937
0.935765395494857
0.935215132631508
0.935076179332295
0.934915700458064
0.934599375705427
0.934186689246599
0.933616825272347
0.933053735739998
0.932808991655279
0.9326256617502
0.93237236928175
0.932089798357568
0.93169970532171
0.931017346768693
0.930164939826108
0.929501378319078
0.928702408445502
0.928249816016415
0.928155577881691
0.928176445073025
0.928295823873458
0.928677905064709
0.929199627423199
0.929672565188402
0.93006614448317
0.930618887512407
0.931121641227425
0.931619063185738
0.932240604872252
0.93287468815428
0.933718944152114
0.934387698379903
0.934992067683398
0.935302719624882
0.935289895953754
0.935107711510172
0.934786618362807
0.934357358703127
0.933753485049037
0.933239519318737
0.932764198447622
0.932379119240964
0.931765791867029
0.931217708953558
0.930580003146404
0.929894259759739
0.929337539606633
0.928509294891119
0.927688504240411
0.926977311009616
0.926546578958759
0.92642448197754
0.926437564473684
0.926475877742125
0.926447781566384
0.92669166503131
0.927093402387667
0.927434951946559
0.92791638599831
0.928303087047772
0.928719846858666
0.929032089407922
0.929133784179034
0.928926370730999
0.928592814333099
0.9283350071281
0.928135710983111
0.928033494284155
0.928043441845394
0.928211961300337
0.928400926468088
0.928498962526105
0.928535108724791
0.928264388602507
0.927763476239242
0.927159169323128
0.926500840336118
0.925760009182154
0.924941691166495
0.924264307841616
0.923765903935782
0.923298617939192
0.923002570816536
0.922769794806127
0.922477005398349
0.922297519493155
0.922079526099797
0.921662454157425
0.921240618141905
0.920964819307129
0.920845256514283
0.920885117931426
0.921077581849717
0.921269782396416
0.921477793127373
0.921788837441422
0.922082509741534
0.922581668427373
0.923097041806578
0.923614419764134
0.924065717736039
0.924457505022003
0.924899191081565
0.925176803807524
0.925414451507308
0.925636052339528
0.925946934843873
0.926366546296633
0.926813878106646
0.927131152235942
0.927490726457742
0.927959097579427
0.928490716967246
0.928817079625842
0.928924942152038
0.929021886241437
0.929126770890589
0.92938135820621
0.92968320012487
0.929863448745036
0.930087763018917
0.93046183082804
0.930791874907113
0.931162024623382
0.931595857088793
0.931913701675381
0.932203005482926
0.932562676073511
0.932920301298347
0.933219040412718
0.933496939229708
0.933711157666584
0.933977391408899
0.934262732825333
0.934532507481955
0.934880824493546
0.935366215610551
0.935980859347078
0.936722283881471
0.937525880219726
0.938298740764771
0.938979461375875
0.939692524058624
0.940377010207013
0.94104363157022
0.941870686027548
0.942707843137565
0.943536281696973
0.94436422618689
0.945086340529559
0.945828537296347
0.946506374107405
0.947208023259868
0.947791017821789
0.94823943437713
0.948633579688131
0.949012822776755
0.949411946025331
0.949877079954792
0.950371583709661
0.950832459502811
0.951132277610505
0.951381286251875
0.951628857827677
0.952043529455527
0.952539001303933
0.952946208940721
0.953317951541624
0.953764637459252
0.954174887364011
0.954525749877716
0.954869247638911
0.955158306336817
0.955497494409077
0.955869300966538
0.956276172871534
0.956838596824183
0.957408973133476
0.957842919946793
0.958105738833281
0.958362950504084
0.958698576589869
0.959098201279028
0.959636199917881
0.960122013044829
0.960735033617072
0.961485777654919
0.962409111982571
0.963350722378815
0.964448904302436
0.965528902548837
0.966498061312774
0.967410302334141
0.968348554073383
0.969365363881889
0.970378942412608
0.971390885339185
0.972312023896295
0.9731658098108
0.973976304724211
0.974744771139661
0.97537028119395
0.975975575392415
0.976465994446889
0.976920374567304
0.977352361825706
0.97780442923937
0.978109434427537
0.978382577431574
0.978659334349744
0.978903829853284
0.979097536338554
0.979247122368638
0.979405443833484
0.979575819231477
0.979687142879171
0.979802797722973
0.979939258235358
0.980121577754917
0.980388458591951
0.980733579258787
0.981139415130893
0.981568152604007
0.98198620110003
0.982479816961354
0.98310297499392
0.983796093576338
0.984453154498105
0.985159618079479
0.985902137004607
0.986616135536948
0.987361431759354
0.988073740815322
0.988787076473845
0.989420398117408
0.989998796951391
0.990556166256639
0.991050888472261
0.991545325167597
0.991990368525831
0.99239426173276
0.99279138159648
0.993236307472217
0.993682275734419
0.994178283862897
0.994722935103265
0.995207090722218
0.995762818973249
0.996400138523523
0.997083701933545
0.997779819003736
0.998423924430433
0.999002770242751
0.999646888269295
1.00039332855494
1.00110926293706
1.00178448710058
1.00239081041555
1.00301420404772
1.00364776008977
1.00423717621153
1.00479717513329
1.00534762717528
1.00583132550214
1.00630040200204
1.0068081014535
1.00734684533954
1.00786890701635
1.00829584692296
1.0086927244651
1.00909120594092
1.00955339333885
1.01003278205368
1.01056248583061
1.01101552056343
1.01138968643382
1.01171103002967
1.0119720421621
1.0122893952927
1.01262733284234
1.01307292064779
1.01363717992559
1.01416287644485
1.01462111067543
1.01514298959246
1.01562281441588
1.01608901867766
1.01650954754302
1.01694469769512
1.01737962222906
1.01777114761636
1.01823396928233
1.01882631279847
1.01937535644692
1.0198528577817
1.02032219834493
1.02079855555423
1.02133076573732
1.02186103865798
1.02249864621773
1.02313913764669
1.02379153701912
1.02451258904056
1.0251463342608
1.0257302967562
1.02631347280358
1.02692018108396
1.02757323674661
1.02816594620709
1.02880940198592
1.02945403884351
1.03009061617418
1.03061179328937
1.03114141495841
1.0316408610523
1.03220214123651
1.0327915640353
1.03337026901268
1.03391670136069
1.03445981531405
1.0349414125013
1.0353754681626
1.03579631940461
1.03624557634361
1.03677031171567
1.03725363300237
1.03773598596577
1.03822103326507
1.0387482234151
1.03929449991912
1.03978828011274
1.04027184570027
1.04072738005083
1.04117714975327
1.04169859306415
1.04228972554042
1.04287663546499
1.04344400988818
1.04404360687746
1.04459498053789
1.04506589091177
1.04541358464886
1.04571891632206
1.04595625325356
1.04619035351072
1.04642611380925
1.04660936873812
1.04679959609364
1.04693721877094
1.04703342056229
1.0470957630545
1.04713005507166
1.04725690069294
1.04739312379446
1.04753335678785
1.04774369488929
1.0479624090614
1.04807747777329
1.04811715347456
1.0480470372618
1.04794171651619
1.0478359427957
1.04771834219119
1.04760549236739
1.04751179057652
1.04736953066338
1.04715732728185
1.04694002008112
1.04667760757628
1.04638220486758
1.0460958353069
1.04577003555923
1.04546765644309
1.0452126989394
1.04483255038061
1.04433629974638
1.04378229412567
1.04319131972646
1.04258048850171
1.04202181835886
1.04138971586196
1.04079781481103
1.04024914754082
1.03971371135554
1.03915752325689
1.03866667346355
1.03815671451865
1.03760725928945
1.03708353334912
1.03655812564592
1.03594929188906
1.03542432727876
1.03502936501593
1.03471171494843
1.03443612062083
1.03419929853516
1.03393790305011
1.03362225180029
1.03330219433899
1.03300532653521
1.03269060475306
1.0324307483028
1.03221523979638
1.03202517345138
1.03187815268337
1.03180129943967
1.03178009000156
1.03177309619449
1.03177840278509
1.03179007529425
1.03180933041969
1.03185543634167
1.03195224493555
1.03209844826945
1.03234115049993
1.03264212579472
1.03289642851584
1.03310273481816
1.03335117666071
1.03360765014168
1.03379516913948
1.03398655942562
1.03419696249286
1.03439562326805
1.0345830389485
1.03473662829822
1.03485813624296
1.03494196777218
1.03500555726368
1.03505710830294
1.03511391360459
1.03524468800028
1.03539858470213
1.03565983243144
1.03595888958205
1.03619104657653
1.03640207319126
1.03656498920705
1.0367184775072
1.03692059698767
1.03709404624788
1.03725354958636
1.03747799260973
1.03769148192718
1.03793376486995
1.03821376995135
1.03848626382206
1.03874390319399
1.03895148188435
1.03908820701905
1.03923086202468
1.03943406077458
1.03965496798285
1.03983904828902
1.03997362495787
1.0400487564564
1.04011523058779
1.0401476941358
1.04016677594463
1.04016064103844
1.04010176611858
1.04007278426704
1.04008480239908
1.04013103296632
1.04023289001466
1.04034149670427
1.0404486891094
1.04051363496668
1.04050200016945
1.04048964408592
1.04044852010564
1.04043333312696
1.04048671419049
1.04046750764393
1.04039675855466
1.04035591648262
1.04034025001072
1.0403129207741
1.04028584329427
1.04022071108185
1.04018319548618
1.04018358110383
1.04020025938915
1.04022757672297
1.04026232143439
1.04030886777232
1.04029525564337
1.04023732850327
1.04011064228091
1.03991288007961
1.03974094606991
1.03956064843894
1.03939698422986
1.03930660797699
1.03929482120359
1.0392654865366
1.03926113975623
1.03923294931052
1.03923725785594
1.03926385964586
1.03931033023371
1.03946501909472
1.03960206881251
1.03974136066059
1.03989360327085
1.04008154539449
1.0403063259696
1.04054709827413
1.04081057889968
1.04114158612675
1.04148832293732
1.04181927838061
1.04216986272766
1.04258956767207
1.04307736018846
1.04355427002827
1.04405282315376
1.04452110807929
1.04500472736752
1.04550216790892
1.04599610083821
1.04649371451176
1.04705133139468
1.04757279006923
1.04808031032606
1.04857225801942
1.04906921628842
1.04955856260875
1.05003162769392
1.05050101881135
1.05093306542455
1.05135309111008
1.05176793036323
1.05217880394431
1.05255483859242
1.05296972842125
1.05335113897193
1.05369213522779
1.05400876116749
1.05428505309065
1.05458708486265
1.05486988157892
1.05514215713832
1.05541146746091
1.05564571268068
1.05592353255413
1.05624286153201
1.05653932923472
1.05677184852063
1.05701584203143
1.05722471927836
1.05736100230121
1.05742426454265
1.05739574313183
1.05733762335496
1.05720774611103
1.05702638894307
1.05686119982821
1.05663715261877
1.05632493059671
1.05600376783569
1.05570515261594
1.05541118260162
1.0551169735214
1.05477773274545
1.05436141943384
1.05389522430912
1.05338615038962
1.05283640961465
1.05222008461671
1.05161361399575
1.05098215008424
1.05037872161098
1.04978649319169
1.04917043005374
1.0485576907417
1.04795105822436
1.04738068641076
1.04682611237249
1.04632258108731
1.04583114190358
1.04531684685026
1.04479701930529
1.0442829889669
1.04371370378794
1.04311657358988
1.04250136855954
1.04186223223954
1.04121852103552
1.0405736137433
1.03991521046093
1.03920375130767
1.03844466260624
1.03767427238672
1.03687266605429
1.03599612367325
1.03510586494093
1.03421295501007
1.03335943784522
1.03244737991963
1.03147073088338
1.03047244294071
1.02946857833102
1.02847119145037
1.02746555307453
1.02640711616336
1.02538718604221
1.02442511266644
1.02349638869709
1.02258858272382
1.02165557014516
1.0207116950156
1.01976247588749
1.01881939490682
1.01790389555383
1.01698059245842
1.01609351951405
1.01522765211369
1.01433817603447
1.01343709668728
1.01247794599278
1.0115097673572
1.01054941734497
1.00959087773
1.00861245600808
1.00764327102726
1.00673906157109
1.0058187220302
1.00485101563987
1.00382784568388
1.00271023654807
1.0015753666749
1.00043533234335
0.999226343506264
0.997923741689888
0.996615083723479
0.99528109480163
0.993880305923293
0.992457044221881
0.991057554341986
0.98968070729004
0.988280734609887
0.986879301335878
0.985438138227128
0.983927775897175
0.982399996174526
0.980849411268273
0.979279059986138
0.977732029454905
0.976158040917285
0.974609811983914
0.973085732553536
0.971545364678675
0.970014695555937
0.968535730612514
0.967079500998021
0.9657208731915
0.964503124665238
0.963439449333142
0.962564121610404
0.961813971226202
0.961150538231462
0.960558408984609
0.96002119076941
0.959498902729303
0.959071298722846
0.958630637707042
0.958180802969473
0.957777274760982
0.957319347814697
0.956816433171253
0.956255949938048
0.955670980412927
0.955089133134662
0.954506754949206
0.953910799614338
0.953259133179316
0.952530884082701
0.951767531046804
0.951014080751321
0.9502309449526
0.949397853101625
0.948612528382556
0.947819424750506
0.947048060831515
0.946265875019568
0.945528611335565
0.944795302251163
0.944042015695534
0.943268827654796
0.942488772495722
0.941675651758643
0.940853440014333
0.940031468755248
0.939219184925042
0.938424435166058
0.937660412283682
0.936863396194655
0.936056252888366
0.93523239659622
0.934365145135484
0.933470167539085
0.932539673731172
0.931616442109957
0.930661252617467
0.929645210998148
0.928600267127861
0.927557535013511
0.92651470394318
0.925453199531781
0.924370470982452
0.923271847396444
0.922237616149484
0.921238171438629
0.920250597435785
0.919250372610377
0.918262318093551
0.917300069511254
0.916371250198211
0.915461217498972
0.91460996518995
0.913779508025297
0.912993661622559
0.912236497620544
0.911524873985077
0.910946562942542
0.910466508448811
0.910071477090342
0.909766187623053
0.909493847444084
0.909218256035122
0.90891457895479
0.908574611998551
0.908219491027171
0.907897275206977
0.907568757007743
0.907225673753296
0.906914684957881
0.906626944659795
0.906353916150614
0.906048313453676
0.905714465795512
0.905383795416184
0.905021890460152
0.90461423985068
0.904200504746297
0.903759014197364
0.903314834679073
0.902857398002387
0.902414829133124
0.901990415332398
0.901593586699832
0.901246499053496
0.900902369022015
0.90057251930384
0.900219545691218
0.899857650009714
0.899462212477406
0.899038087493981
0.89863070348531
0.898231700640583
0.897853625463872
0.89751350642892
0.897220649091761
0.896947275975074
0.896690622267026
0.896429936469137
0.896170038571548
0.895941467503329
0.895760746745794
0.895628973862581
0.895500685622084
0.895360049027596
0.89521908673597
0.895094747682493
0.894950752200881
0.894786952619133
0.894631349990245
0.894484672766945
0.894335763544019
0.89417749081337
0.893992271521535
0.89381627602941
0.893689707851863
0.893599262623933
0.893478107173137
0.893319944175841
0.893147677364345
0.892990518521697
0.892886618316062
0.892893605465027
0.892965001126431
0.893008647280576
0.893057814008534
0.893145240530886
0.893245797978915
0.89334851630611
0.893459524556357
0.893609464347383
0.893758078184196
0.89387793872724
0.893973583291434
0.894061473479401
0.894151972320941
0.894249395684052
0.894375503496863
0.894561483181238
0.894813291449345
0.895133980761583
0.895527258917384
0.89595469602521
0.896465315850326
0.896965067689571
0.897508314878789
0.898059470309726
0.898604543807371
0.89917044556784
0.899760122768177
0.900303856732302
0.900828675705732
0.901349613247095
0.901858157265757
0.902357936197754
0.902818587842154
0.903275815173796
0.903753190644754
0.904263727251041
0.904798267392918
0.905296581540272
0.905797394056878
0.906281598982533
0.906775905837432
0.907289451105405
0.907832391516769
0.908368306277598
0.908888099847098
0.909427914571415
0.91001833163734
0.910664929177592
0.911336652839661
0.912003179232942
0.912711587135842
0.913399273260288
0.914038520304999
0.914679384253875
0.915309613580579
0.915957471259341
0.916594406507136
0.917232286680107
0.917896884444905
0.918599908644218
0.919316755698424
0.920027698470929
0.920731698687363
0.921402198700285
0.922048580868802
0.92267525388529
0.923283464526623
0.923893042541657
0.92450349511454
0.925112219854982
0.925703064760594
0.9262484678919
0.92675703959841
0.927297461151837
0.927857796008911
0.928433444445635
0.929028420264643
0.929626349131125
0.930189398250436
0.930680501635545
0.931157898924672
0.931643928274653
0.932100403888286
0.932568136533624
0.933026019692038
0.93349937412358
0.93397456633342
0.934404580455048
0.934822141547107
0.935207173092409
0.935527056631731
0.935826896705339
0.936078173498844
0.93636185473091
0.93659985958903
0.936770029736402
0.936907631320733
0.93701932552329
0.937093120252907
0.937143190285749
0.937165863349334
0.937160935847061
0.93715418755726
0.937135541040179
0.937106773601049
0.937069778184866
0.936997814034953
0.936875299026081
0.936710640270967
0.936531660975974
0.936347611505428
0.936073310427365
0.935796152012329
0.935499131686991
0.935217388212993
0.934916195429014
0.934524460834856
0.934084294564914
0.933590380242077
0.933032505467294
0.932413332890793
