0.732683160898591
0.825913647735271
0.905396189038378
0.972096607094726
1.02167666227083
1.06003574257812
1.09004097921099
1.11674607387505
1.13758044804225
1.15306394828242
1.1660222546021
1.174884659677
1.18077223886421
1.19088132463013
1.20106432436766
1.20874676348902
1.21943180185105
1.2327546979069
1.24196991525595
1.24758359842924
1.25340727844377
1.25664526131945
1.25408781551203
1.24539683092542
1.23664025813938
1.22649499044858
1.21506622957225
1.20128697956714
1.1888865858478
1.17959408476631
1.17246165487007
1.16858825750921
1.16488148820725
1.15982183309429
1.15528276965326
1.15258972304959
1.14923512842075
1.14685286951614
1.14461019027792
1.14468065192083
1.14439329762922
1.14375310056634
1.14307850597238
1.14441102285508
1.14810507497152
1.15025098420059
1.15051651228643
1.1506480434773
1.15178588677251
1.15366038238664
1.15632212226211
1.15981770784465
1.16359803525303
1.16735959920544
1.1703280098465
1.17167239805976
1.17382563185848
1.1758182625524
1.17645146428368
1.17570315260782
1.17323299627449
1.16976467614685
1.16733833401806
1.16540005517958
1.16311985777616
1.16016681374844
1.15677347579132
1.1535225661086
1.15096770860206
1.14801619194652
1.14318575120125
1.13823506387483
1.13553586986475
1.13332924422658
1.13068587994778
1.12924956076891
1.12775252096948
1.12615574160208
1.12552650676826
1.1262749319914
1.12628374525662
1.1257810740434
1.12523845225253
1.12422217879789
1.12405921039715
1.12366898852043
1.12375689588023
1.12344107124644
1.1235856444933
1.12420934808385
1.12391498313126
1.12409394706751
1.1249466433145
1.12602693938659
1.12732396256238
1.12802836409336
1.12775190482286
1.12712965053856
1.12655558150992
1.1261965984819
1.12572167570895
1.12505503604483
1.12463270681206
1.12449572059175
1.12412726551014
1.12315039351049
1.12196485489832
1.121101295511
1.12076318737636
1.12088129717481
1.12038410321712
1.1197244514162
1.11832424124204
1.1165130009803
1.11491976258517
1.11356353762592
1.11298368720708
1.11296909246286
1.11248899947729
1.11157832334304
1.1104536236144
1.11026574390975
1.11068016027099
1.11155066698459
1.11227801010114
1.11259154892999
1.1130970673869
1.11342155091982
1.11406502814704
1.11554810164817
1.11674095350327
1.1178327143207
1.11828444516617
1.11861930288356
1.11932343295891
1.11979791803511
1.1198555572133
1.11967497982885
1.1200697088019
1.1199807582075
1.11971149080015
1.11899335487153
1.11815337012558
1.11741798217198
1.11701937524288
1.11671220804766
1.116026782497
1.11523827054325
1.11458917350693
1.11391317355583
1.11331761805672
1.11240601988366
1.11146315762451
1.10974798904893
1.10858386691164
1.10788771288092
1.10742202185556
1.1069806731682
1.10707218946451
1.10676669845438
1.10633962709926
1.10554771987234
1.10467857880227
1.10432256081107
1.10445266867573
1.10504426561662
1.1059430240842
1.10663673669532
1.10712710856429
1.10760342457798
1.10822461494132
1.10853698613393
1.10911240987513
1.11039351775863
1.11196784173709
1.11367212030919
1.11477859325249
1.1155765301344
1.11654716746679
1.11730618886969
1.11790961992822
1.1185576509148
1.11880520663032
1.11861842696439
1.11837984523766
1.11814390168282
1.11841159687503
1.11896105448603
1.11901836720015
1.1186700919306
1.11787776083729
1.11733613257867
1.11651383497106
1.11518029309533
1.11356728113635
1.11203538895937
1.11047597281136
1.10934528969672
1.10790208277784
1.10595075809074
1.10426240007576
