0.732675518287454
0.940679537445393
1.11293591271421
1.24716951454088
1.34533623221783
1.40496716360811
1.43429148830732
1.4448122270806
1.45025795395332
1.44880744494102
1.43776043691308
1.41637712509172
1.40193123687268
1.3888758213384
1.37314274858787
1.35367323414205
1.33946523840927
1.3299385195904
1.31979116214727
1.31150975938363
1.3095925084934
1.31695382234849
1.32912972227647
1.3434540748031
1.35353631725219
1.36232553002263
1.36972184811711
1.37556555351423
1.37678056625839
1.37243774995319
1.36239389845846
1.34943045693175
1.33716061611622
1.32547941152715
1.31845853542948
1.31552023674676
1.31764682645534
1.32286469996321
1.33332482772187
1.3405347345663
1.34444616032474
1.34795900155854
1.35411406766429
1.36163671641601
1.36703619864319
1.37370394808587
1.37861887995829
1.38375378978622
1.38636482919401
1.38548388774003
1.38327030794491
1.37929603250356
1.37047521696873
1.35937734136279
1.34695156707766
1.33201565069563
1.31599399124619
1.30182266933824
1.29207974195825
1.2848050826375
1.27861012119121
1.27252498523192
1.26955977311481
1.26847418548401
1.26967087273055
1.27171611886219
1.2732735712891
1.2752178006886
1.27815992038721
1.28008796703795
1.2819531988977
1.28412445607044
1.28573308490092
1.28523739994092
1.28400493392736
1.2821339086724
1.27870315966808
1.27294208972556
1.26553511898633
1.25840219379702
1.25234597859159
1.2479223129897
1.2467914444768
1.24740341957603
1.24868559418221
1.24940368455373
1.25081801127078
1.25262287719761
1.25375419864519
1.25333224040039
1.25176935263781
1.24829364359589
1.2436248457103
1.23840010066918
1.23436397894833
1.23093596443398
1.22906093274258
1.22777109679482
1.22679356725378
1.22712710961812
1.22803326891079
1.22837386912737
1.2292910373513
1.23122288921995
1.23116807777895
1.23014759612434
1.22775790967031
1.22409858766732
1.22047937492571
1.21800828732786
1.2162450096052
1.21562123436244
1.21448619594421
1.21144744378577
1.20840632091595
1.20591232786844
1.20493170116514
1.20405277467056
1.20453264366538
1.20534618858491
1.20722952596318
1.21045384355509
1.21365005381843
1.21821118154968
1.22261103112078
1.22715233933318
1.23301164624046
1.23914251881283
1.24437733464591
1.24773414348224
1.24982063517298
1.25082544733324
1.25108313157998
1.25106090484099
1.2505408425458
1.24841830528796
1.24598455133802
1.24365734979715
1.24183951665082
1.2391209857817
1.23576562637918
1.23158903852844
1.22773025436056
1.22395212495078
1.21901590550155
1.2142355269847
1.21084638930177
1.20753236049771
1.20548964406159
1.20364758614143
1.20296336030555
1.20424593397441
1.20520206533671
1.20582483574119
1.20720935414384
1.2082750749088
1.20996810943608
1.21254887325294
1.21470861147608
1.21518012349435
1.21457022104381
1.21340229615586
1.21217536888233
1.21072650069108
1.21066803170906
1.20984479839398
1.20917298171517
1.20952742299374
1.21079853872103
1.2121851685564
1.21362828465263
1.21567471895591
1.21616211427944
1.21622530567639
1.21639393549
1.21824553796623
1.22032052232215
1.22204502591231
1.2240309226077
1.22537957201425
1.22607710825594
1.22509009322533
1.22371912162675
1.22255684596554
1.22018157686438
1.21783653415048
1.21590873880618
1.21423778491403
1.21361320698861
1.21291135075132
1.21193339430362
1.2108631290959
1.20982242012211
1.20858148706692
1.20699746168104
1.20598592921246
1.20624270148279
1.20638647034175
1.20664728656822
1.20620703585596
1.20531538070381
