9.323085551274870042e-01
3.464622516600269764e-01
1.379670147114830025e-03
1.683250919555020042e+00
9.323085551274870042e-01
3.464622516600269764e-01
1.379670147114830025e-03
1.683250919555020042e+00
9.323085551274870042e-01
3.464622516600269764e-01
1.379670147114830025e-03
1.683250919555020042e+00
9.309549023372469811e-01
3.499710414605510245e-01
2.176801215734520002e-03
1.681409868737639979e+00
9.309549023372469811e-01
3.499710414605510245e-01
2.176801215734520002e-03
1.681409868737639979e+00
9.309549023372469811e-01
3.499710414605510245e-01
2.176801215734520002e-03
1.681409868737639979e+00
9.342303699509599824e-01
3.443647869043229837e-01
4.246436276218520413e-03
1.687112111990920038e+00
9.342303699509599824e-01
3.443647869043229837e-01
4.246436276218520413e-03
1.687112111990920038e+00
9.342303699509599824e-01
3.443647869043229837e-01
4.246436276218520413e-03
1.687112111990920038e+00
9.330283649267639978e-01
3.468218445540789951e-01
5.130555535587899736e-03
1.685189067182010003e+00
9.330283649267639978e-01
3.468218445540789951e-01
5.130555535587899736e-03
1.685189067182010003e+00
9.330283649267639978e-01
3.468218445540789951e-01
5.130555535587899736e-03
1.685189067182010003e+00
9.375483940488350543e-01
3.399229213819700002e-01
1.073250284142690004e-02
1.693598562475030045e+00
9.375483940488350543e-01
3.399229213819700002e-01
1.073250284142690004e-02
1.693598562475030045e+00
9.375483940488350543e-01
3.399229213819700002e-01
1.073250284142690004e-02
1.693598562475030045e+00
9.276004672317850197e-01
3.631670833915640051e-01
3.641464918434809961e-02
1.680744424695689965e+00
9.276004672317850197e-01
3.631670833915640051e-01
3.641464918434809961e-02
1.680744424695689965e+00
9.276004672317850197e-01
3.631670833915640051e-01
3.641464918434809961e-02
1.680744424695689965e+00
9.418226487180849649e-01
3.365381703057270246e-01
2.930056794176920040e-02
1.703551545297179892e+00
9.418226487180849649e-01
3.365381703057270246e-01
2.930056794176920040e-02
1.703551545297179892e+00
9.418226487180849649e-01
3.365381703057270246e-01
2.930056794176920040e-02
1.703551545297179892e+00
9.394058059360159696e-01
3.455174080514989976e-01
2.961943717854690142e-02
1.701072495758880088e+00
9.394058059360159696e-01
3.455174080514989976e-01
2.961943717854690142e-02
1.701072495758880088e+00
9.394058059360159696e-01
3.455174080514989976e-01
2.961943717854690142e-02
1.701072495758880088e+00
9.224867596017369831e-01
3.730258938648080003e-01
4.178581936041229905e-02
1.673461192335770065e+00
9.224867596017369831e-01
3.730258938648080003e-01
4.178581936041229905e-02
1.673461192335770065e+00
9.224867596017369831e-01
3.730258938648080003e-01
4.178581936041229905e-02
1.673461192335770065e+00
9.349314185004850009e-01
3.474817786654409990e-01
2.090819516866669961e-02
1.690678149351870108e+00
9.349314185004850009e-01
3.474817786654409990e-01
2.090819516866669961e-02
1.690678149351870108e+00
9.349314185004850009e-01
3.474817786654409990e-01
2.090819516866669961e-02
1.690678149351870108e+00
9.300171820749629781e-01
3.550748445978599843e-01
1.996340264654049984e-02
1.681976306446200109e+00
9.300171820749629781e-01
3.550748445978599843e-01
1.996340264654049984e-02
1.681976306446200109e+00
9.300171820749629781e-01
3.550748445978599843e-01
1.996340264654049984e-02
1.681976306446200109e+00
9.213495399036949474e-01
3.664782324023139748e-01
5.685071729291999929e-03
1.666195914724700078e+00
9.213495399036949474e-01
3.664782324023139748e-01
5.685071729291999929e-03
1.666195914724700078e+00
9.213495399036949474e-01
3.664782324023139748e-01
5.685071729291999929e-03
1.666195914724700078e+00
9.300313867333930284e-01
3.516359554266039744e-01
8.538802222536820419e-03
1.680088641728300081e+00
9.300313867333930284e-01
3.516359554266039744e-01
8.538802222536820419e-03
1.680088641728300081e+00
9.300313867333930284e-01
3.516359554266039744e-01
8.538802222536820419e-03
1.680088641728300081e+00
9.231847220687759981e-01
3.645445504559899907e-01
1.006840348527249934e-02
1.669584753890630102e+00
9.231847220687759981e-01
3.645445504559899907e-01
1.006840348527249934e-02
1.669584753890630102e+00
9.231847220687759981e-01
3.645445504559899907e-01
1.006840348527249934e-02
1.669584753890630102e+00
9.322199658750439655e-01
3.478497911541050258e-01
8.698709345958519426e-03
1.683792645144160049e+00
9.322199658750439655e-01
3.478497911541050258e-01
8.698709345958519426e-03
1.683792645144160049e+00
9.322199658750439655e-01
3.478497911541050258e-01
8.698709345958519426e-03
1.683792645144160049e+00
9.352959664860509559e-01
3.448974154825020233e-01
1.377782931195300001e-02
1.690167601782259998e+00
9.352959664860509559e-01
3.448974154825020233e-01
1.377782931195300001e-02
1.690167601782259998e+00
9.352959664860509559e-01
3.448974154825020233e-01
1.377782931195300001e-02
1.690167601782259998e+00
9.318016076622019916e-01
3.467994293814550266e-01
6.884035264254290479e-04
1.682156043047970062e+00
9.318016076622019916e-01
3.467994293814550266e-01
6.884035264254290479e-04
1.682156043047970062e+00
9.318016076622019916e-01
3.467994293814550266e-01
6.884035264254290479e-04
1.682156043047970062e+00
9.323307716521560540e-01
3.475534294697479876e-01
3.115501712493830115e-03
1.683754098373960062e+00
9.323307716521560540e-01
3.475534294697479876e-01
3.115501712493830115e-03
1.683754098373960062e+00
9.323307716521560540e-01
3.475534294697479876e-01
3.115501712493830115e-03
1.683754098373960062e+00
9.318481114670610355e-01
3.484014442894929897e-01
7.051718525397719477e-04
1.682863197355950025e+00
9.318481114670610355e-01
3.484014442894929897e-01
7.051718525397719477e-04
1.682863197355950025e+00
9.318481114670610355e-01
3.484014442894929897e-01
7.051718525397719477e-04
1.682863197355950025e+00
9.423353202076339974e-01
3.492479399320990163e-01
4.981993170289190226e-02
1.710959044637269999e+00
9.423353202076339974e-01
3.492479399320990163e-01
4.981993170289190226e-02
1.710959044637269999e+00
9.423353202076339974e-01
3.492479399320990163e-01
4.981993170289190226e-02
1.710959044637269999e+00
9.257539412684759883e-01
3.476757721446779859e-01
-6.432969976519580229e-04
1.671513135055950006e+00
9.257539412684759883e-01
3.476757721446779859e-01
-6.432969976519580229e-04
1.671513135055950006e+00
9.257539412684759883e-01
3.476757721446779859e-01
-6.432969976519580229e-04
1.671513135055950006e+00
9.260402736195799678e-01
3.477860901654790116e-01
-4.108362724431329762e-04
1.672339233136820091e+00
9.260402736195799678e-01
3.477860901654790116e-01
-4.108362724431329762e-04
1.672339233136820091e+00
9.260402736195799678e-01
3.477860901654790116e-01
-4.108362724431329762e-04
1.672339233136820091e+00
9.258471317600840411e-01
3.491590575059749790e-01
-3.238737713490440120e-03
1.672167122196930089e+00
9.258471317600840411e-01
3.491590575059749790e-01
-3.238737713490440120e-03
1.672167122196930089e+00
9.258471317600840411e-01
3.491590575059749790e-01
-3.238737713490440120e-03
1.672167122196930089e+00
9.262753988377240288e-01
3.475044127469040234e-01
-2.028244295869249900e-03
1.672959481777980040e+00
9.262753988377240288e-01
3.475044127469040234e-01
-2.028244295869249900e-03
1.672959481777980040e+00
9.262753988377240288e-01
3.475044127469040234e-01
-2.028244295869249900e-03
1.672959481777980040e+00
9.249835879454699761e-01
3.499117230632100006e-01
-5.110044899204639786e-03
1.670233883758799998e+00
9.249835879454699761e-01
3.499117230632100006e-01
-5.110044899204639786e-03
1.670233883758799998e+00
9.249835879454699761e-01
3.499117230632100006e-01
-5.110044899204639786e-03
1.670233883758799998e+00
9.272737626726820226e-01
3.443402776394339782e-01
-4.085156404900239582e-03
1.674600579565630021e+00
9.272737626726820226e-01
3.443402776394339782e-01
-4.085156404900239582e-03
1.674600579565630021e+00
9.272737626726820226e-01
3.443402776394339782e-01
-4.085156404900239582e-03
1.674600579565630021e+00
9.260399970842839723e-01
3.383298272864529999e-01
-1.254130486513049987e-02
1.670247229036980086e+00
9.260399970842839723e-01
3.383298272864529999e-01
-1.254130486513049987e-02
1.670247229036980086e+00
9.260399970842839723e-01
3.383298272864529999e-01
-1.254130486513049987e-02
1.670247229036980086e+00
9.216094043305770311e-01
3.645940492850799908e-01
-5.189540522643939710e-03
1.666849074172570111e+00
9.216094043305770311e-01
3.645940492850799908e-01
-5.189540522643939710e-03
1.666849074172570111e+00
9.216094043305770311e-01
3.645940492850799908e-01
-5.189540522643939710e-03
1.666849074172570111e+00
9.231892754757810016e-01
3.580052338910870158e-01
-5.586596137817890009e-03
1.668270199654990016e+00
9.231892754757810016e-01
3.580052338910870158e-01
-5.586596137817890009e-03
1.668270199654990016e+00
9.231892754757810016e-01
3.580052338910870158e-01
-5.586596137817890009e-03
1.668270199654990016e+00
9.239813963692939947e-01
3.456998236709469818e-01
-8.492910450147529711e-03
1.667046420679979990e+00
9.239813963692939947e-01
3.456998236709469818e-01
-8.492910450147529711e-03
1.667046420679979990e+00
9.239813963692939947e-01
3.456998236709469818e-01
-8.492910450147529711e-03
1.667046420679979990e+00
9.258174825093390403e-01
3.446358170959840095e-01
-1.333926007887729914e-02
1.671284382333730001e+00
9.258174825093390403e-01
3.446358170959840095e-01
-1.333926007887729914e-02
1.671284382333730001e+00
9.258174825093390403e-01
3.446358170959840095e-01
-1.333926007887729914e-02
1.671284382333730001e+00
9.199894843771470043e-01
3.429239830646569898e-01
-2.731294888822510120e-02
1.658014426138709974e+00
9.199894843771470043e-01
3.429239830646569898e-01
-2.731294888822510120e-02
1.658014426138709974e+00
9.199894843771470043e-01
3.429239830646569898e-01
-2.731294888822510120e-02
1.658014426138709974e+00
9.233091976746979901e-01
3.567139513811929952e-01
-1.114644290711539962e-02
1.668695009764219916e+00
9.233091976746979901e-01
3.567139513811929952e-01
-1.114644290711539962e-02
1.668695009764219916e+00
9.233091976746979901e-01
3.567139513811929952e-01
-1.114644290711539962e-02
1.668695009764219916e+00
9.035666424226890259e-01
3.670875517107349828e-01
-3.859882022871569812e-02
1.630119609865859909e+00
9.035666424226890259e-01
3.670875517107349828e-01
-3.859882022871569812e-02
1.630119609865859909e+00
9.035666424226890259e-01
3.670875517107349828e-01
-3.859882022871569812e-02
1.630119609865859909e+00
9.108304034520510184e-01
3.533875869097169997e-01
-4.165271417866350107e-02
1.641877611168470086e+00
9.108304034520510184e-01
3.533875869097169997e-01
-4.165271417866350107e-02
1.641877611168470086e+00
9.108304034520510184e-01
3.533875869097169997e-01
-4.165271417866350107e-02
1.641877611168470086e+00
9.137456019744170099e-01
3.697444418037920122e-01
-1.407682792363530028e-02
1.651958340930619995e+00
9.137456019744170099e-01
3.697444418037920122e-01
-1.407682792363530028e-02
1.651958340930619995e+00
9.137456019744170099e-01
3.697444418037920122e-01
-1.407682792363530028e-02
1.651958340930619995e+00
9.215255965157199691e-01
3.609699303490270239e-01
-1.105536473652309927e-02
1.665951551021870092e+00
9.215255965157199691e-01
3.609699303490270239e-01
-1.105536473652309927e-02
1.665951551021870092e+00
9.215255965157199691e-01
3.609699303490270239e-01
-1.105536473652309927e-02
1.665951551021870092e+00
9.188706332364759977e-01
3.706533619874199936e-01
2.750476680509969952e-03
1.662619482740079979e+00
9.188706332364759977e-01
3.706533619874199936e-01
2.750476680509969952e-03
1.662619482740079979e+00
9.188706332364759977e-01
3.706533619874199936e-01
2.750476680509969952e-03
1.662619482740079979e+00
9.176704978050590489e-01
3.617040809003539970e-01
-1.885261874529019915e-02
1.658249762427749907e+00
9.176704978050590489e-01
3.617040809003539970e-01
-1.885261874529019915e-02
1.658249762427749907e+00
9.176704978050590489e-01
3.617040809003539970e-01
-1.885261874529019915e-02
1.658249762427749907e+00
9.227247104962880142e-01
3.636852062887420134e-01
-7.123390061153399896e-04
1.668443062894390039e+00
9.227247104962880142e-01
3.636852062887420134e-01
-7.123390061153399896e-04
1.668443062894390039e+00
9.227247104962880142e-01
3.636852062887420134e-01
-7.123390061153399896e-04
1.668443062894390039e+00
9.082377548274139789e-01
3.844469943036369908e-01
-1.213214497419570076e-02
1.646134059550999895e+00
9.082377548274139789e-01
3.844469943036369908e-01
-1.213214497419570076e-02
1.646134059550999895e+00
9.082377548274139789e-01
3.844469943036369908e-01
-1.213214497419570076e-02
1.646134059550999895e+00
9.182023968909880374e-01
3.692296284877409906e-01
-3.289332855608180072e-03
1.660888092792319970e+00
9.182023968909880374e-01
3.692296284877409906e-01
-3.289332855608180072e-03
1.660888092792319970e+00
9.182023968909880374e-01
3.692296284877409906e-01
-3.289332855608180072e-03
1.660888092792319970e+00
9.154489900448720130e-01
3.768572085365159974e-01
7.873263770221339969e-03
1.657680907160429928e+00
9.154489900448720130e-01
3.768572085365159974e-01
7.873263770221339969e-03
1.657680907160429928e+00
9.154489900448720130e-01
3.768572085365159974e-01
7.873263770221339969e-03
1.657680907160429928e+00
8.945399553581370178e-01
4.152153070203499774e-01
2.635169091927500040e-02
1.628559861137349962e+00
8.945399553581370178e-01
4.152153070203499774e-01
2.635169091927500040e-02
1.628559861137349962e+00
8.945399553581370178e-01
4.152153070203499774e-01
2.635169091927500040e-02
1.628559861137349962e+00
8.976110349728350091e-01
4.061691158139990043e-01
1.039345580982809977e-02
1.631197100932459954e+00
8.976110349728350091e-01
4.061691158139990043e-01
1.039345580982809977e-02
1.631197100932459954e+00
8.976110349728350091e-01
4.061691158139990043e-01
1.039345580982809977e-02
1.631197100932459954e+00
9.127227414972030051e-01
3.775492718263929737e-01
-1.951777518490349986e-02
1.653892712785379970e+00
9.127227414972030051e-01
3.775492718263929737e-01
-1.951777518490349986e-02
1.653892712785379970e+00
9.127227414972030051e-01
3.775492718263929737e-01
-1.951777518490349986e-02
1.653892712785379970e+00
9.048319354508720380e-01
3.929545443692750162e-01
1.407077534372479927e-02
1.641262788173690090e+00
9.048319354508720380e-01
3.929545443692750162e-01
1.407077534372479927e-02
1.641262788173690090e+00
9.048319354508720380e-01
3.929545443692750162e-01
1.407077534372479927e-02
1.641262788173690090e+00
9.203799482018329980e-01
3.292194315803649851e-01
-3.410972498441790235e-02
1.655197912787099934e+00
9.203799482018329980e-01
3.292194315803649851e-01
-3.410972498441790235e-02
1.655197912787099934e+00
9.203799482018329980e-01
3.292194315803649851e-01
-3.410972498441790235e-02
1.655197912787099934e+00
9.221701363338480339e-01
3.475538601078049794e-01
-1.704803750538539872e-02
1.663645347059909962e+00
9.221701363338480339e-01
3.475538601078049794e-01
-1.704803750538539872e-02
1.663645347059909962e+00
9.221701363338480339e-01
3.475538601078049794e-01
-1.704803750538539872e-02
1.663645347059909962e+00
9.069074494357930449e-01
3.385278990101299734e-01
-5.454135190379399978e-02
1.628664403171989905e+00
9.069074494357930449e-01
3.385278990101299734e-01
-5.454135190379399978e-02
1.628664403171989905e+00
9.069074494357930449e-01
3.385278990101299734e-01
-5.454135190379399978e-02
1.628664403171989905e+00
9.143853948213960248e-01
3.522938843262469755e-01
-3.013459946774400128e-02
1.648353061029040001e+00
9.143853948213960248e-01
3.522938843262469755e-01
-3.013459946774400128e-02
1.648353061029040001e+00
9.143853948213960248e-01
3.522938843262469755e-01
-3.013459946774400128e-02
1.648353061029040001e+00
8.969785686567109950e-01
3.657859721291900068e-01
-5.092730330777490294e-02
1.615945019257579940e+00
8.969785686567109950e-01
3.657859721291900068e-01
-5.092730330777490294e-02
1.615945019257579940e+00
8.969785686567109950e-01
3.657859721291900068e-01
-5.092730330777490294e-02
1.615945019257579940e+00
8.846951480587590400e-01
3.912391860626699969e-01
-3.935349230746049837e-02
1.597700167472430044e+00
8.846951480587590400e-01
3.912391860626699969e-01
-3.935349230746049837e-02
1.597700167472430044e+00
8.846951480587590400e-01
3.912391860626699969e-01
-3.935349230746049837e-02
1.597700167472430044e+00
9.233239006983450237e-01
3.640789861508679781e-01
1.804820476836030028e-03
1.669657202401660046e+00
9.233239006983450237e-01
3.640789861508679781e-01
1.804820476836030028e-03
1.669657202401660046e+00
9.233239006983450237e-01
3.640789861508679781e-01
1.804820476836030028e-03
1.669657202401660046e+00
9.261731149227540039e-01
3.591061399204210081e-01
4.330254784689070192e-03
1.673989248704979893e+00
9.261731149227540039e-01
3.591061399204210081e-01
4.330254784689070192e-03
1.673989248704979893e+00
9.261731149227540039e-01
3.591061399204210081e-01
4.330254784689070192e-03
1.673989248704979893e+00
9.257677929230809788e-01
3.596636513609809960e-01
9.199202087454370208e-03
1.673423209452810090e+00
9.257677929230809788e-01
3.596636513609809960e-01
9.199202087454370208e-03
1.673423209452810090e+00
9.257677929230809788e-01
3.596636513609809960e-01
9.199202087454370208e-03
1.673423209452810090e+00
9.294058450835660512e-01
3.520431840250000111e-01
4.081460741837450272e-03
1.678643676939070017e+00
9.294058450835660512e-01
3.520431840250000111e-01
4.081460741837450272e-03
1.678643676939070017e+00
9.294058450835660512e-01
3.520431840250000111e-01
4.081460741837450272e-03
1.678643676939070017e+00
9.106551326778919986e-01
3.844274808656389930e-01
2.590921908138360021e-03
1.650606770234180010e+00
9.106551326778919986e-01
3.844274808656389930e-01
2.590921908138360021e-03
1.650606770234180010e+00
9.106551326778919986e-01
3.844274808656389930e-01
2.590921908138360021e-03
1.650606770234180010e+00
8.999052828024599604e-01
3.952994223684099806e-01
-2.010901527417630064e-02
1.632801462914319934e+00
8.999052828024599604e-01
3.952994223684099806e-01
-2.010901527417630064e-02
1.632801462914319934e+00
8.999052828024599604e-01
3.952994223684099806e-01
-2.010901527417630064e-02
1.632801462914319934e+00
8.895153364544819974e-01
4.065686540833329810e-01
-5.556055553747930170e-03
1.613555644420330060e+00
8.895153364544819974e-01
4.065686540833329810e-01
-5.556055553747930170e-03
1.613555644420330060e+00
8.895153364544819974e-01
4.065686540833329810e-01
-5.556055553747930170e-03
1.613555644420330060e+00
8.796000751588900490e-01
4.159820637451889791e-01
-1.348223280008780008e-02
1.596178455873360047e+00
8.796000751588900490e-01
4.159820637451889791e-01
-1.348223280008780008e-02
1.596178455873360047e+00
8.796000751588900490e-01
4.159820637451889791e-01
-1.348223280008780008e-02
1.596178455873360047e+00
9.056901121753579975e-01
3.902776736973879723e-01
2.771914261214019834e-02
1.641838490299029951e+00
9.056901121753579975e-01
3.902776736973879723e-01
2.771914261214019834e-02
1.641838490299029951e+00
9.056901121753579975e-01
3.902776736973879723e-01
2.771914261214019834e-02
1.641838490299029951e+00
9.223169988694049914e-01
3.678588944326219856e-01
1.788350051895230136e-02
1.669345999334920005e+00
9.223169988694049914e-01
3.678588944326219856e-01
1.788350051895230136e-02
1.669345999334920005e+00
9.223169988694049914e-01
3.678588944326219856e-01
1.788350051895230136e-02
1.669345999334920005e+00
9.299206379158639901e-01
3.760452133958679943e-01
5.843733216622910148e-02
1.693364190409980097e+00
9.299206379158639901e-01
3.760452133958679943e-01
5.843733216622910148e-02
1.693364190409980097e+00
9.299206379158639901e-01
3.760452133958679943e-01
5.843733216622910148e-02
1.693364190409980097e+00
9.174939814118749926e-01
3.752996835384639907e-01
1.690421596559900028e-02
1.661572406957539938e+00
9.174939814118749926e-01
3.752996835384639907e-01
1.690421596559900028e-02
1.661572406957539938e+00
9.174939814118749926e-01
3.752996835384639907e-01
1.690421596559900028e-02
1.661572406957539938e+00
9.266520812346079605e-01
3.619274448200789918e-01
2.407743267942959869e-02
1.677193313513279938e+00
9.266520812346079605e-01
3.619274448200789918e-01
2.407743267942959869e-02
1.677193313513279938e+00
9.266520812346079605e-01
3.619274448200789918e-01
2.407743267942959869e-02
1.677193313513279938e+00
9.137040109616479944e-01
3.820149145984420014e-01
2.999583103407259949e-02
1.656451970548030062e+00
9.137040109616479944e-01
3.820149145984420014e-01
2.999583103407259949e-02
1.656451970548030062e+00
9.137040109616479944e-01
3.820149145984420014e-01
2.999583103407259949e-02
1.656451970548030062e+00
8.878409497136939832e-01
4.269211229517240191e-01
3.269474141534219752e-02
1.619492116251580072e+00
8.878409497136939832e-01
4.269211229517240191e-01
3.269474141534219752e-02
1.619492116251580072e+00
8.878409497136939832e-01
4.269211229517240191e-01
3.269474141534219752e-02
1.619492116251580072e+00
9.091553132358950462e-01
4.041593092939079757e-01
3.945396913578200215e-02
1.657067830900619931e+00
9.091553132358950462e-01
4.041593092939079757e-01
3.945396913578200215e-02
1.657067830900619931e+00
9.091553132358950462e-01
4.041593092939079757e-01
3.945396913578200215e-02
1.657067830900619931e+00
9.116485383429090428e-01
4.034808286468959948e-01
5.567711428020009901e-02
1.663189875415520103e+00
9.116485383429090428e-01
4.034808286468959948e-01
5.567711428020009901e-02
1.663189875415520103e+00
9.116485383429090428e-01
4.034808286468959948e-01
5.567711428020009901e-02
1.663189875415520103e+00
9.282468244004410396e-01
3.552610280797929843e-01
1.203911832546379970e-02
1.677500951998450063e+00
9.282468244004410396e-01
3.552610280797929843e-01
1.203911832546379970e-02
1.677500951998450063e+00
9.282468244004410396e-01
3.552610280797929843e-01
1.203911832546379970e-02
1.677500951998450063e+00
9.343772031899100217e-01
3.531057890210450023e-01
3.971199174366649848e-02
1.692854755362779962e+00
9.343772031899100217e-01
3.531057890210450023e-01
3.971199174366649848e-02
1.692854755362779962e+00
9.343772031899100217e-01
3.531057890210450023e-01
3.971199174366649848e-02
1.692854755362779962e+00
9.318125191924909734e-01
3.476028381036059822e-01
2.555705849660369969e-03
1.682464053034510076e+00
9.318125191924909734e-01
3.476028381036059822e-01
2.555705849660369969e-03
1.682464053034510076e+00
9.318125191924909734e-01
3.476028381036059822e-01
2.555705849660369969e-03
1.682464053034510076e+00
9.334970932298679580e-01
3.480017180410859834e-01
1.082476028109700082e-03
1.686595716865670003e+00
9.334970932298679580e-01
3.480017180410859834e-01
1.082476028109700082e-03
1.686595716865670003e+00
9.334970932298679580e-01
3.480017180410859834e-01
1.082476028109700082e-03
1.686595716865670003e+00
9.296884547428649892e-01
3.552778059570029789e-01
3.620259151018219868e-03
1.680623972194480009e+00
9.296884547428649892e-01
3.552778059570029789e-01
3.620259151018219868e-03
1.680623972194480009e+00
9.296884547428649892e-01
3.552778059570029789e-01
3.620259151018219868e-03
1.680623972194480009e+00
9.318053218690389716e-01
3.492694940531769765e-01
1.075479166296989912e-03
1.683109351924880093e+00
9.318053218690389716e-01
3.492694940531769765e-01
1.075479166296989912e-03
1.683109351924880093e+00
9.318053218690389716e-01
3.492694940531769765e-01
1.075479166296989912e-03
1.683109351924880093e+00
9.252534511280490204e-01
3.474474599557280108e-01
-6.989710319125710556e-05
1.670267869103940095e+00
9.252534511280490204e-01
3.474474599557280108e-01
-6.989710319125710556e-05
1.670267869103940095e+00
9.252534511280490204e-01
3.474474599557280108e-01
-6.989710319125710556e-05
1.670267869103940095e+00
9.260387657495879887e-01
3.476464466312439994e-01
-2.565664343979550083e-04
1.672268541743840098e+00
9.260387657495879887e-01
3.476464466312439994e-01
-2.565664343979550083e-04
1.672268541743840098e+00
9.260387657495879887e-01
3.476464466312439994e-01
-2.565664343979550083e-04
1.672268541743840098e+00
9.243036424443259458e-01
3.486447645513099935e-01
-1.828371590437669969e-03
1.668370468465520062e+00
9.243036424443259458e-01
3.486447645513099935e-01
-1.828371590437669969e-03
1.668370468465520062e+00
9.243036424443259458e-01
3.486447645513099935e-01
-1.828371590437669969e-03
1.668370468465520062e+00
9.232990520189899852e-01
3.540242505528499728e-01
-5.022578311505839985e-03
1.667321836795170098e+00
9.232990520189899852e-01
3.540242505528499728e-01
-5.022578311505839985e-03
1.667321836795170098e+00
9.232990520189899852e-01
3.540242505528499728e-01
-5.022578311505839985e-03
1.667321836795170098e+00
9.231172858458389641e-01
3.615340676751570004e-01
-2.404671074784849906e-03
1.668833543461460067e+00
9.231172858458389641e-01
3.615340676751570004e-01
-2.404671074784849906e-03
1.668833543461460067e+00
9.231172858458389641e-01
3.615340676751570004e-01
-2.404671074784849906e-03
1.668833543461460067e+00
9.254632338533439473e-01
3.619974192652409828e-01
3.139718586974970041e-03
1.673603440225629901e+00
9.254632338533439473e-01
3.619974192652409828e-01
3.139718586974970041e-03
1.673603440225629901e+00
9.254632338533439473e-01
3.619974192652409828e-01
3.139718586974970041e-03
1.673603440225629901e+00
9.300894133192579849e-01
3.471431974341149806e-01
9.633495811426659537e-04
1.678230740620920036e+00
9.300894133192579849e-01
3.471431974341149806e-01
9.633495811426659537e-04
1.678230740620920036e+00
9.300894133192579849e-01
3.471431974341149806e-01
9.633495811426659537e-04
1.678230740620920036e+00
9.318806343267600489e-01
3.453675006554760007e-01
1.747882228708350083e-03
1.681856740558099972e+00
9.318806343267600489e-01
3.453675006554760007e-01
1.747882228708350083e-03
1.681856740558099972e+00
9.318806343267600489e-01
3.453675006554760007e-01
1.747882228708350083e-03
1.681856740558099972e+00
9.383876590218289682e-01
3.359750213292210241e-01
1.421859373790910000e-02
1.694336192186800094e+00
9.383876590218289682e-01
3.359750213292210241e-01
1.421859373790910000e-02
1.694336192186800094e+00
9.383876590218289682e-01
3.359750213292210241e-01
1.421859373790910000e-02
1.694336192186800094e+00
9.549985447082269818e-01
3.399665514369469843e-01
4.037786772043740202e-02
1.737049120385300016e+00
9.549985447082269818e-01
3.399665514369469843e-01
4.037786772043740202e-02
1.737049120385300016e+00
9.549985447082269818e-01
3.399665514369469843e-01
4.037786772043740202e-02
1.737049120385300016e+00
9.337803200465319975e-01
3.419422740093059909e-01
5.783666371584990015e-03
1.685233326319840019e+00
9.337803200465319975e-01
3.419422740093059909e-01
5.783666371584990015e-03
1.685233326319840019e+00
9.337803200465319975e-01
3.419422740093059909e-01
5.783666371584990015e-03
1.685233326319840019e+00
9.452580900824869570e-01
3.348418958415390057e-01
2.120117393090039867e-02
1.710626490883649931e+00
9.452580900824869570e-01
3.348418958415390057e-01
2.120117393090039867e-02
1.710626490883649931e+00
9.452580900824869570e-01
3.348418958415390057e-01
2.120117393090039867e-02
1.710626490883649931e+00
9.266698509276269924e-01
3.478319462767289760e-01
-1.037760587855440092e-03
1.673932424751169989e+00
9.266698509276269924e-01
3.478319462767289760e-01
-1.037760587855440092e-03
1.673932424751169989e+00
9.266698509276269924e-01
3.478319462767289760e-01
-1.037760587855440092e-03
1.673932424751169989e+00
9.272837869860119930e-01
3.462418429115630136e-01
-2.860237397106869806e-03
1.675133841080870045e+00
9.272837869860119930e-01
3.462418429115630136e-01
-2.860237397106869806e-03
1.675133841080870045e+00
9.272837869860119930e-01
3.462418429115630136e-01
-2.860237397106869806e-03
1.675133841080870045e+00
9.319887166632689901e-01
3.412313660113380220e-01
-6.369743666894419655e-03
1.685067549309150037e+00
9.319887166632689901e-01
3.412313660113380220e-01
-6.369743666894419655e-03
1.685067549309150037e+00
9.319887166632689901e-01
3.412313660113380220e-01
-6.369743666894419655e-03
1.685067549309150037e+00
9.311398758815270238e-01
3.334285726556460161e-01
-1.954039999454459942e-02
1.681343698343179982e+00
9.311398758815270238e-01
3.334285726556460161e-01
-1.954039999454459942e-02
1.681343698343179982e+00
9.311398758815270238e-01
3.334285726556460161e-01
-1.954039999454459942e-02
1.681343698343179982e+00
9.295360647230349604e-01
3.269222301451140122e-01
-2.647086750587520146e-02
1.675710868384389984e+00
9.295360647230349604e-01
3.269222301451140122e-01
-2.647086750587520146e-02
1.675710868384389984e+00
9.295360647230349604e-01
3.269222301451140122e-01
-2.647086750587520146e-02
1.675710868384389984e+00
8.857526191375070246e-01
3.481431154374929893e-01
-5.724801779178310263e-02
1.583734736735310067e+00
8.857526191375070246e-01
3.481431154374929893e-01
-5.724801779178310263e-02
1.583734736735310067e+00
8.857526191375070246e-01
3.481431154374929893e-01
-5.724801779178310263e-02
1.583734736735310067e+00
8.632736962224379917e-01
4.234494504049999830e-01
4.117138882369589942e-03
1.562768955598970111e+00
8.632736962224379917e-01
4.234494504049999830e-01
4.117138882369589942e-03
1.562768955598970111e+00
8.632736962224379917e-01
4.234494504049999830e-01
4.117138882369589942e-03
1.562768955598970111e+00
9.142330793544389822e-01
3.300366446147239841e-01
-4.662493956767470304e-02
1.642103600311489942e+00
9.142330793544389822e-01
3.300366446147239841e-01
-4.662493956767470304e-02
1.642103600311489942e+00
9.142330793544389822e-01
3.300366446147239841e-01
-4.662493956767470304e-02
1.642103600311489942e+00
8.802199396418789457e-01
3.767005410418989841e-01
-4.459086845502840263e-02
1.581748314932780008e+00
8.802199396418789457e-01
3.767005410418989841e-01
-4.459086845502840263e-02
1.581748314932780008e+00
8.802199396418789457e-01
3.767005410418989841e-01
-4.459086845502840263e-02
1.581748314932780008e+00
9.168683432332029870e-01
4.151775086036230134e-01
5.546536771501860141e-02
1.681196814064839895e+00
9.168683432332029870e-01
4.151775086036230134e-01
5.546536771501860141e-02
1.681196814064839895e+00
9.168683432332029870e-01
4.151775086036230134e-01
5.546536771501860141e-02
1.681196814064839895e+00
8.585977484961070383e-01
4.013623795240209846e-01
-2.885019481920849879e-02
1.543059566958290052e+00
8.585977484961070383e-01
4.013623795240209846e-01
-2.885019481920849879e-02
1.543059566958290052e+00
8.585977484961070383e-01
4.013623795240209846e-01
-2.885019481920849879e-02
1.543059566958290052e+00
8.792681041164319700e-01
4.320918938581139734e-01
2.182554626652859903e-02
1.602530562507979983e+00
8.792681041164319700e-01
4.320918938581139734e-01
2.182554626652859903e-02
1.602530562507979983e+00
8.792681041164319700e-01
4.320918938581139734e-01
2.182554626652859903e-02
1.602530562507979983e+00
9.517914372320740446e-01
3.604112265145940075e-01
5.732498313738410012e-02
1.738695815922600030e+00
9.517914372320740446e-01
3.604112265145940075e-01
5.732498313738410012e-02
1.738695815922600030e+00
9.517914372320740446e-01
3.604112265145940075e-01
5.732498313738410012e-02
1.738695815922600030e+00
9.334882572249489918e-01
3.888317601339489893e-01
5.989125723224290182e-02
1.707696328749219949e+00
9.334882572249489918e-01
3.888317601339489893e-01
5.989125723224290182e-02
1.707696328749219949e+00
9.334882572249489918e-01
3.888317601339489893e-01
5.989125723224290182e-02
1.707696328749219949e+00
