0.930724786974095
0.349638642839103
0.00153302970459921
1.6806601516184
0.929263060660964
0.353492935340313
0.00255079971498205
1.67868574755648
0.932250585022823
0.346956404653861
0.00283646592979298
1.68328266080324
0.931419536640893
0.349138277158102
0.00512527979937533
1.68215275359556
0.935588197914369
0.341767857055242
0.00868797018220102
1.68940699599832
0.923971139239971
0.366070501995644
0.0354747680618892
1.67261925660583
0.941077720356762
0.337888000089185
0.0343236685110878
1.70205892482062
0.933184455478111
0.347575535643954
0.0304905741182981
1.68669681403695
0.917710346723502
0.378730660766849
0.0441237147433577
1.6640061509528
0.931520721525834
0.350630126460913
0.0210684514618144
1.68344096296376
0.926861434004538
0.358388939487802
0.0184136488711143
1.67536059747551
0.920791706533338
0.369602984135116
0.00390613338715314
1.6654428474981
0.928354103174391
0.355326188371439
0.00832504009754822
1.67734227277841
0.921737723984449
0.368000420315822
0.00924666776916154
1.6670113631226
0.931023091818657
0.350645993341118
0.00896565117721097
1.68185535022807
0.933085220550425
0.346905766968304
0.0132004194213724
1.68545600657556
0.930272283115487
0.350457510981179
0.000949140339777907
1.67989504338773
0.930621495902623
0.350875704000245
0.00314032688817947
1.68089556540078
0.930292360636656
0.351909064680137
0.000785976608512545
1.68049007631739
0.934889239119976
0.351189789894188
0.0566795859605901
1.69386621113724
0.92641259734508
0.351661206593892
-0.000686699082515512
1.67317906864973
0.926558895384127
0.351100857197449
-0.000664586581131629
1.67360916155439
0.926198365764885
0.352271753798183
-0.00251807363735859
1.67286867678403
0.92662612971357
0.3500928673166
-0.00159252417384006
1.67369024143315
0.926073874089644
0.35372874593755
-0.00488873254203619
1.67287305374367
0.926889717438418
0.3462364434697
-0.00323407056685489
1.67356348841086
0.928517929220906
0.33942980989477
-0.00932272464963036
1.67570284921845
0.92116994212887
0.368188634622194
-0.00445084885162349
1.66606809659724
0.924417588854735
0.361604653206248
-0.00441250019510256
1.67117064033311
0.926484313964581
0.348995007240988
-0.00690985797610144
1.67290312467904
0.924966839180893
0.345859314768858
-0.0122108537632817
1.66870791253777
0.921771298689813
0.347375227091799
-0.0277084121565321
1.66263432398822
0.923059027463997
0.360497300382637
-0.0100148846071818
1.66811798896162
0.909939149589664
0.372159309163393
-0.0410671701937953
1.64567113503926
0.914099547684776
0.357781152503281
-0.0425027152084741
1.64982997639355
0.916468543005741
0.374630004208975
-0.0130023108114243
1.65879847454244
0.921578482042091
0.365634441631154
-0.0102802461826924
1.66655542407617
0.917596711829202
0.37493162702983
0.00221488573538488
1.66049164586317
0.918613396256841
0.366900594687769
-0.0174619698958326
1.66095728566753
0.922699386856924
0.366310463640734
-0.00137293029660204
1.66858304378262
0.905553574320521
0.392624290272829
-0.0130434648231028
1.6419475695596
0.918249431964967
0.373266736032587
-0.00494620746405234
1.66155471863226
0.913986245216563
0.382169100838442
0.00712041353889906
1.65544132076955
0.890331118268456
0.422119019131937
0.0289483046089367
1.62112835957277
0.892788046425657
0.414451216617662
0.0112043238925713
1.62269542832577
0.908795409246936
0.381162629870046
-0.021597227088463
1.64476324567086
0.902078250822407
0.400972701424819
0.0129827411566147
1.63710893412977
0.925662129318403
0.332371185792061
-0.0349814997648937
1.66780674624309
0.924341831530291
0.352020534872945
-0.0166424949213009
1.66912385588041
0.916172370115168
0.341973983786534
-0.0584150379670797
1.65065584952941
0.919424503760466
0.358976681770204
-0.0289402090516392
1.66118547923981
0.903163812729128
0.368034507045207
-0.0614336312860226
1.63060518467613
0.889421077329649
0.400412366745329
-0.0505031619480881
1.61190130264374
0.922267216814076
0.366630747503384
0.00134192400815996
1.6675782385087
0.924665517189758
0.362392807513108
0.00355833278285558
1.67140680651342
0.924219551258024
0.36317482833087
0.00793441797530813
1.67075444745559
0.928119866890023
0.356001575723685
0.00409607678482637
1.67698379478962
0.907261697607982
0.391886876562948
0.00359065766326394
1.64467198555732
0.894571362445575
0.403934581858334
-0.0231161963221529
1.62294383411599
0.890641428727029
0.417312414996485
-0.00926258986564151
1.61982817936434
0.875041466393281
0.425729750126599
-0.0226958959847493
1.58958966857284
0.904894337717086
0.39912476133731
0.0294942574012279
1.64303305328784
0.920309351428224
0.370918339175137
0.0162383531462624
1.66514484505751
0.919583505093264
0.379089339419394
0.065889423087752
1.67022799992754
0.915708710573711
0.379823652929576
0.0179190556973153
1.65849116938167
0.923599623171192
0.365308683010822
0.0233021280719853
1.67074572265947
0.912535560471269
0.386573863195592
0.0299491024716866
1.65470483074286
0.88056421976814
0.433494213789449
0.0422915790424143
1.60531131836391
0.895825749589049
0.410738724585063
0.0403467703662141
1.62828432687244
0.899181051138094
0.411215803484823
0.0634434917318599
1.63765058152934
0.926610029058133
0.359197398329944
0.0116305456223328
1.6748463977114
0.930606831341263
0.355815674919487
0.0411435793474577
1.68441471181335
0.930275214017469
0.351062009833509
0.00247591015138608
1.68012706067494
0.930849347247437
0.351612224883893
0.0010816875740625
1.68168922041519
0.926451762642225
0.358990615485247
0.0022814330539424
1.67422240433385
0.929754715410377
0.353274699375798
0.000744323327056516
1.67974616289051
0.92651737388305
0.351326710470088
-0.000217003194125585
1.67328058816334
0.926610735477473
0.351137277961079
-0.000331549947861368
1.6736436996537
0.926222386044756
0.352737628003367
-0.00120788070429615
1.67289622181583
0.924982409576207
0.358318935219561
-0.00283731470991889
1.67140290774148
0.92353427432169
0.364498704324946
-0.00144485016006211
1.66985130734716
0.923598772698926
0.364741848565662
0.00130377084570555
1.66984994786306
0.929774073344284
0.350465764131266
0.00106503228922891
1.67872181181713
0.931265586981179
0.348215337663017
0.00111387583642848
1.68140569293084
0.938192056713349
0.335687978957532
0.0107737539029691
1.69349522095393
0.943655839394594
0.339570111229097
0.0504243192966476
1.70980034503831
0.933372241537399
0.344052062753187
0.00305417375749946
1.68488663120461
0.942698196896952
0.33176761712651
0.0222223426659584
1.7032157719835
0.92670953810514
0.350563131937402
-0.00049082845143873
1.67406161542612
0.927150988753861
0.348398193579847
-0.00111719269460918
1.67483471268209
0.928884023538468
0.343881301960289
-0.00255499134103352
1.67805524955248
0.932288091259556
0.33445534873
-0.0112388414139479
1.68351842572478
0.931492927832362
0.326974824988218
-0.0245616817237337
1.67961469745128
0.906224573145114
0.342517559430893
-0.0739592344845556
1.62911264763551
0.863523955544434
0.435881262553854
-0.00862263378220545
1.56830312099505
0.922299093844037
0.326425302975169
-0.0529594796826915
1.65926694388827
0.888239581452441
0.377538304184055
-0.0695100126502492
1.60087174473354
0.889136379456258
0.429779151825636
0.0666431816482306
1.62403259574162
0.872126011784966
0.410168083864101
-0.0517668221886324
1.57733598111829
0.869327585349417
0.442460348090742
0.0248036360580749
1.58442322627406
0.934365663745652
0.362941728276957
0.0730388529199357
1.69864805294749
0.914679080942166
0.397426912820092
0.0775981192730747
1.66793379745635
0.930714207293116
0.349346794185502
0.000883230866850437
1.68052192280098
0.931228031486784
0.349217426776407
0.00204586311323644
1.68169388079569
0.930515740763178
0.350583117817574
0.00164492812179063
1.68052218075525
0.929615327378673
0.353278439186248
0.00386389011056692
1.67944717216916
0.928781898036564
0.35481827650469
0.00156697947679691
1.67805726744881
0.929848172785438
0.352490509563716
0.00195933078828051
1.67967496636882
0.932777641272344
0.34635868334193
0.00457888262822707
1.68433035480101
0.931945973712672
0.347934827989826
0.00282603303323361
1.68292078983169
0.932128640180487
0.346421150431146
0.00164111444047483
1.682789490809
0.931469761976888
0.348912695101989
0.0037458840260194
1.68216728249853
0.932121299137097
0.347900632353738
0.0060291710182094
1.68336509575842
0.930800254272751
0.350917572753473
0.00550793877656876
1.68136414549236
0.934365636631394
0.344057138113988
0.00777748683398621
1.68730982406188
0.935374370155587
0.340252671083792
0.00580310816110906
1.68831079234767
0.936557163234487
0.34090944455949
0.0135430474064969
1.69152456834544
0.926252117940603
0.361433421745213
0.032063347127665
1.67584503757783
0.924627822529728
0.366600274486815
0.0442747507231389
1.67495609761335
0.92117295913745
0.37093796196886
0.0321913169156551
1.66792686109848
0.937355838571576
0.338896491072323
0.0264875042664336
1.69320597101243
0.944090240704893
0.334166645905438
0.0361960420910604
1.70800502485972
0.936832834961148
0.341547721363774
0.0388551117836778
1.69356987355175
0.936567927568439
0.344167164929563
0.0257370712337244
1.69319819314733
0.936267962762051
0.346658542880782
0.0368970047497911
1.69400171721975
0.931159556819348
0.352611815654416
0.0298036827287611
1.68377861826966
0.918452585459738
0.376515058281859
0.0344295242664768
1.66414220943116
0.921968683341431
0.372397151938018
0.0485821765697402
1.67150991090326
0.91443591559083
0.385907382080453
0.0469448366734984
1.65980498741032
0.934004476246908
0.345735773031844
0.0206608596439274
1.6874798583127
0.929525335850573
0.353494326685063
0.0243541113130627
1.67998832489162
0.930296176058668
0.352167052502045
0.0169192719456878
1.68096823297827
0.928464574944545
0.355849362378432
0.0163552054774113
1.67804524042424
0.927566181894989
0.357879935568462
0.0231201313839493
1.67702529433219
0.925355769619285
0.361656593399391
0.0167057122267767
1.67306666627494
0.9218305437505
0.367571337585612
0.00447573764554715
1.66696711321514
0.919587909463529
0.371755310312633
0.00647410768451259
1.66361630655134
0.920554032985206
0.369772258964297
0.00190688496160218
1.66499449663898
0.929326053071603
0.353929658296651
0.00686831965245115
1.67906088203789
0.929028903778546
0.354660951122943
0.0109981541757351
1.67873706648487
0.927449667005019
0.357447440124643
0.00751291032312667
1.67602630960462
0.922349872282178
0.366719433716189
0.00631099506921991
1.66783259639093
0.922572581843737
0.366360663893784
0.0115542349775879
1.66832028153423
0.920224757246562
0.370817017702002
0.00913770899503012
1.66470934917668
0.932090229566826
0.348145580989637
0.00823656987888567
1.68342736349866
0.930354892198021
0.351808318531258
0.0112364863796588
1.68077915666614
0.930218857844163
0.351772687774391
0.00708647083700458
1.68034563948521
0.933168278310877
0.346365132865808
0.00986770439708158
1.6853559897677
0.934406787519874
0.344454513557513
0.016062772623398
1.68777663389413
0.931359859638412
0.35038750596338
0.0140310427836569
1.68269563802509
0.930282306949896
0.350795883376002
0.00100039784739989
1.68004467498514
0.93032806409899
0.349650324306134
0.000644116675607994
1.67972310568235
0.930273437761298
0.350869747893871
0.00120117313043859
1.68005551465002
0.930199576067424
0.351258866740305
0.00231826570652964
1.6800376782267
0.930918907818731
0.349681592642144
0.00307733573471958
1.68114740529815
0.930176910220746
0.351631114506039
0.00423349936673615
1.6801465578156
0.930292565389087
0.351443962221601
0.000970221871363457
1.68031335905858
0.930148064840023
0.351838071036339
0.00104123537744479
1.68012548024783
0.930360567848883
0.352471727152728
0.000481325195680798
1.68086383843087
0.935135365547416
0.348073638597941
0.0494758878498711
1.69268143861862
0.940322944751131
0.349408109982255
0.0635654461515791
1.70656244543125
0.930149524944433
0.358619110233095
0.0564120004704743
1.68558468590869
0.926630173251547
0.351464950369697
-0.000576469676474922
1.67366591625443
0.926357409476464
0.351836761021733
-0.00056041899212447
1.67299432792302
0.926605604955973
0.351666779479123
-0.00102019033482001
1.67369071762458
0.926599194906959
0.351004972006553
-0.000343440108471567
1.67379926360193
0.92653179026057
0.351217506872423
-0.000568934128654801
1.67349028135578
0.926524545645343
0.351117106384365
-0.000867206743442229
1.67353023947778
0.926200960964358
0.354174429368029
-0.00233743374862921
1.67322201482029
0.926449710452631
0.351321976643951
-0.00331816350915266
1.67332504247158
0.926599645073344
0.351812253884054
-0.00188068026734944
1.67374432313205
0.926837095171599
0.349709393147281
-0.000854717387299112
1.67426754242159
0.926539813690337
0.350770877379945
-0.00146839423434377
1.67354253771302
0.926646975895081
0.349874605291092
-0.00235352514151823
1.67364891550551
0.926367768121916
0.351483285250893
-0.00449222994313356
1.67312517950179
0.925855136440163
0.354802805588509
-0.00290532724355725
1.67250097497283
0.925568296717592
0.354557681585584
-0.00628016787950384
1.67195196431072
0.927108986083963
0.345096384838198
-0.0047232185784957
1.67374260134718
0.927688106953047
0.346459686422443
-0.00158363086159874
1.67576582226942
0.926896864804771
0.347967524175528
-0.00347026730989963
1.67385619393114
0.92703494723069
0.338534926786439
-0.0139045763049065
1.6719080281972
0.930557927648119
0.339500755747154
-0.0063833789496383
1.68079375448736
0.926840771623382
0.341911746391352
-0.00789652852234937
1.67231497915035
0.920995288443638
0.368977123040389
-0.0026574827798336
1.66585996323676
0.92022330263084
0.369306669329322
-0.00721710780938874
1.66458104982756
0.922236228147476
0.366382013533292
-0.00484230259010255
1.66782633087323
0.923595394591937
0.363122711161033
-0.00459840036068361
1.66975458491309
0.924376148809545
0.358961246545612
-0.00640364165934021
1.6703817003882
0.924172688953939
0.361984761798746
-0.00237981449152048
1.67059452725713
0.924914425665034
0.351408948085584
-0.00848337948496226
1.66976533591314
0.926081733691915
0.346118892190154
-0.00724424739680116
1.67139184271292
0.92627743711122
0.349369986225736
-0.00524308799111105
1.672518985163
0.92682310054442
0.343220648008131
-0.0156878921533575
1.67256544500291
0.927193800721344
0.34465572086325
-0.00945798017909049
1.67366699468033
0.925712594781693
0.351101179838738
-0.0110888946747962
1.67171545505707
0.921715400492555
0.346025113136421
-0.0343278199855517
1.66268558442363
0.92442101831628
0.342791713392063
-0.0247948871104362
1.66727642796597
0.922271958509339
0.354590544749093
-0.0229722771939697
1.6656753490064
0.922787690179902
0.360106664360274
-0.013909281617727
1.66776451899157
0.924228836631783
0.357969544344922
-0.00959680762202541
1.67001032778023
0.923265321270658
0.363114080627652
-0.0072708567736234
1.66922689545533
0.902972469008319
0.37904093999616
-0.039912436103107
1.63233488471134
0.908492176494243
0.364775465340452
-0.0489449221164416
1.64024514303322
0.910996806009652
0.370903013021914
-0.0332060862834533
1.64668990693935
0.915517924331159
0.365019685935529
-0.0344245144400617
1.65499199776592
0.91290965229321
0.357945357208451
-0.0495524383883169
1.64793247130341
0.917759622065252
0.351339839441789
-0.0425964025535633
1.65605457165966
0.913396203466696
0.377958367557351
-0.00997660571768596
1.65286381142048
0.914500225173452
0.372792853331023
-0.0196695242295136
1.65409874268987
0.91760679078692
0.371853649151419
-0.0114625839131262
1.66000842318429
0.920508261513432
0.367895170538127
-0.00981318623285628
1.66492188979505
0.921234637200528
0.363055893011512
-0.0138580504048699
1.66517313984973
0.92219167856685
0.365048443575814
-0.00707592816622659
1.66741775298588
0.917985345712314
0.37480275186119
0.00536555552619146
1.66127607469602
0.915972413929076
0.37818190059306
-0.000653022964341792
1.65833111224638
0.919440789918957
0.371907083834652
0.000328858371665612
1.6634192931549
0.919337779713631
0.369100205704398
-0.0129332944959508
1.66302940829222
0.917748894129454
0.368483656128463
-0.0215219267923011
1.6600779904708
0.920639545310429
0.363436949716014
-0.0181740305749684
1.66442837922775
0.922746554259746
0.365686954100214
-0.00270700513519957
1.66854977505318
0.922994295595463
0.365740324860271
-0.000265952985047208
1.66894704814774
0.921733290406283
0.367614723667911
-0.000833127473362321
1.66686908437433
0.901856753578595
0.397833784220769
-0.00752866811768678
1.63564017425983
0.902212076954282
0.391252034014415
-0.0245482582989218
1.63452109738385
0.908609062163532
0.386782351758457
-0.00803880456299543
1.64585311677529
0.9159811823316
0.37715318829678
-0.0043560832866087
1.65806266442808
0.919163187631271
0.371861051183702
-0.00703893741674851
1.66323531385498
0.919515734524972
0.371394195750332
-0.0019036676861251
1.66346922190797
0.911807365975287
0.386235319222937
0.011968081810163
1.65234828651822
0.913091254459663
0.382441376305974
0.00185760763383232
1.65360469845609
0.916202814908032
0.377959885134072
0.00885933663252679
1.65860886305962
0.892686123982803
0.415451820077165
0.0260389955192097
1.62299506053441
0.888948017067759
0.42311307852784
0.0393242318745179
1.61876528931832
0.885556384604912
0.426733083391688
0.0212663119195794
1.61257905688202
0.895650524550784
0.411748982111735
0.0180286282974254
1.62781436906966
0.889595666717674
0.422904567134038
0.0109884714071454
1.61978656893623
0.897266859282664
0.409229117729499
0.00374276746941665
1.63037162704146
0.912359887927725
0.382873513748996
-0.0123657697033167
1.65299041512828
0.907040042490367
0.385528623319205
-0.0282726235671102
1.64337148353782
0.913532363368306
0.375864537592052
-0.02438469214104
1.65370945449331
0.89966142044233
0.405327522739965
0.0193602383781849
1.63381870349531
0.900377802349901
0.402269430857108
0.00630666854819037
1.63394992574568
0.905975406773567
0.395724046982652
0.015681631076396
1.64351444774371
0.921589195614833
0.336786593965865
-0.0396003671965183
1.65988321814142
0.927675257361187
0.325204536194158
-0.0384556043667311
1.67061178062382
0.925166052989775
0.334790497955409
-0.0272338716314714
1.66689333639541
0.922399046152488
0.355476996352943
-0.0177624124151049
1.66571805904185
0.923934008376796
0.345113122158913
-0.0194384402461401
1.66638756786982
0.924080631135234
0.353643711845425
-0.012175210267837
1.66860743168685
0.915124452861329
0.331719655026547
-0.0658198718071758
1.64526746644573
0.917117497343628
0.34173661131014
-0.0505676970755145
1.65200512434035
0.912824665736121
0.349497035037038
-0.0588907225109084
1.645588786328
0.916317300588325
0.364010515476132
-0.0283233427338632
1.65573784475616
0.918447241642079
0.351620706734666
-0.035728161337831
1.65701827601255
0.919950609831208
0.358861753349015
-0.0233756707964654
1.66173433316801
0.896951492372181
0.36095617321761
-0.0726529946919407
1.61448347837924
0.908352229179226
0.362413175563486
-0.0599024299096967
1.64021602712766
0.90151515485874
0.37860445257641
-0.0526825464411153
1.6302166600551
0.879713519863154
0.394304236696101
-0.0638602953221691
1.58820375116724
0.893556670491878
0.393778580310499
-0.0460671388584812
1.61787853911186
0.886943996223225
0.407950404127054
-0.0417052874564936
1.60898201285826
0.921719521084706
0.367879338745173
0.000562366564019233
1.66688343636063
0.923011700321889
0.365881684765327
0.00042726528782661
1.66899344410369
0.922521983489705
0.366347544570752
0.00255484486232054
1.66803580926011
0.923734113636954
0.364030216740034
0.00391381306710146
1.66990021300357
0.924921007000195
0.362313302962487
0.00180003949931344
1.6719548682872
0.925282917430754
0.360858860730203
0.00481241911233357
1.67225101610634
0.924129386646582
0.363760307504736
0.0110069571744834
1.67086077307761
0.923501689970202
0.364689416737389
0.00624409786565455
1.66966655484146
0.925424577343615
0.361154611787025
0.00731502557019879
1.67274357880525
0.928737883752293
0.354398748315035
0.00489371628903814
1.67782530478189
0.926986853840177
0.357518370850869
0.0050791373162688
1.67492635434334
0.927840481919946
0.355829561180587
0.00219646353650125
1.67624116873716
0.904025441995898
0.397334802562107
0.000233222593661344
1.63999718353182
0.910092389582247
0.387015130999029
-0.00146320415036164
1.64897723603341
0.908642517203461
0.391211664317923
0.0096779065262091
1.64741569767187
0.891469658322672
0.409415186552291
-0.0278834301659919
1.61891085615337
0.898268677208909
0.397046281419573
-0.0304690466524174
1.628730264558
0.898798387125946
0.404513611796228
-0.0117411197252011
1.63215714731953
0.882783986140845
0.423719958776314
-0.00112332445740254
1.60501176309979
0.885443156483533
0.416096743803853
-0.0203550750984767
1.60799939174194
0.89376177238908
0.410171340857772
-0.00503004999669637
1.62314415800221
0.879509904103482
0.429428180912669
-0.00687728275033471
1.60079461773165
0.866828456321618
0.424720574511151
-0.0316392048327023
1.57109047757682
0.88282996160618
0.419817882351154
-0.0283310654495848
1.60447335416399
0.89891024478056
0.404221891784245
0.0262189679489908
1.63162827973649
0.90702859064325
0.394377058214485
0.0220945637722756
1.6453767552407
0.904661918112065
0.397017549124969
0.038189368006776
1.64183925973637
0.922190212377823
0.367422657797917
0.0155974311433247
1.66800834619616
0.919595707441774
0.372773714438305
0.0216536974389402
1.66450419763307
0.919200352595433
0.372893620588678
0.0130350286096462
1.66333452457744
0.925056979889933
0.380226129699105
0.0779945274226784
1.6844773126071
0.913057761237165
0.38801616522551
0.0596249782867358
1.65850304836446
0.922308739447665
0.372347555468058
0.060444352186988
1.6732064466377
0.912998921079088
0.384835445427528
0.0172243832499823
1.65451081480843
0.917156643789403
0.376785446147223
0.0127124752873849
1.66032493283403
0.917072763947308
0.377502926927958
0.0222786567161928
1.66075489883012
0.921374832797848
0.369514337139477
0.0251038955115949
1.66740831776689
0.923560411943154
0.364724118419098
0.018103366480899
1.67017801552951
0.92548412573609
0.361391086082547
0.0256909336720337
1.67367629194874
0.911069698044587
0.389054763454397
0.0238332052900798
1.65223555654155
0.91580680987849
0.380560451263916
0.0295982064727317
1.65952578211798
0.910160588486782
0.391119591805153
0.0396761327653036
1.65183062563934
0.87835735115683
0.439077426078833
0.0496810669724477
1.60354298084259
0.88027337148414
0.433561767752721
0.02559342915799
1.60433012285736
0.884645751595012
0.428187009058144
0.0463801757948939
1.61196314632124
0.895191736349994
0.417111367954849
0.0441296206794742
1.63020359597496
0.898438638475356
0.410644229079929
0.0316483741441534
1.63390487419886
0.905261670392214
0.404298732289174
0.0453584954159005
1.64712963080767
0.902352391209621
0.414942659820514
0.0747506127417645
1.64748400704911
0.89061307764869
0.417564392452316
0.057147368075234
1.62072883477523
0.900891919739548
0.402964355962412
0.0589337266254042
1.63730610378677
0.927786197326636
0.356550522372163
0.0127807739385804
1.67660185644319
0.925162522216116
0.361524985099433
0.0128325989838023
1.6724229996526
0.926263676618954
0.359251384268347
0.00860974158191577
1.67397749569716
0.928644444454998
0.360234000102226
0.0464777517308834
1.68194786548355
0.928791186604931
0.356379844321527
0.0338033221661939
1.67990491681967
0.933004685844009
0.35053497683541
0.0419241377793373
1.68807865233018
0.931031472480824
0.349796019448607
0.00328346712755453
1.68143498755895
0.929515062787198
0.352327366177499
0.003294624960336
1.67881546025211
0.930293581700841
0.351064548026019
0.00179310498593512
1.68017137022194
0.932697774875503
0.350514471394532
0.00182674568973989
1.68563736525914
0.930641974295763
0.351391544810569
0.00115357961712171
1.68111649904757
0.93116606139364
0.352105770464135
0.000650629262458952
1.68262345354036
0.928117582801191
0.357234139593487
0.00197175957303139
1.677443103113
0.926384844554362
0.359111782349973
0.00410665148474203
1.67413081662553
0.926622922472956
0.360675699283048
0.00178322793759513
1.67529235720485
0.929838165194981
0.352528589286606
0.00124552798973367
1.67965998360879
0.929523947159824
0.354268416518353
0.000929711039475753
1.67958655323883
0.93023460840614
0.352993019291092
0.000520408731168369
1.68076667239992
0.926495751631505
0.351177775661388
-0.000177401503860171
1.67322030771736
0.9261455018116
0.351585380856889
-0.00031746758977338
1.67243031071731
0.926515584112932
0.351372846303189
-0.000369719568762832
1.67335814804703
0.926546163006917
0.351064562212673
-0.000316138963858904
1.67364070920912
0.926609734569582
0.351096067037888
-0.000195809144395333
1.67353803180372
0.926580688595526
0.351203552001695
-0.000434439255703784
1.6735589426523
0.926288238248966
0.352014107441539
-0.00134606506236236
1.67299499921699
0.925732256965586
0.352386998845577
-0.00080346946071306
1.67164141151885
0.925208094920507
0.353670955319555
-0.00160458482342134
1.67073981621507
0.925471306228342
0.357398256349761
-0.00537613287852714
1.67242752543779
0.924910134303818
0.356596303969311
-0.00266006958414781
1.67071398091012
0.923930999550537
0.360276800979734
-0.00228414587122951
1.66947985262377
0.92331215572345
0.365159015691045
-0.000703795952660437
1.66950062796806
0.923542893799351
0.364520053073807
-0.00288629161850481
1.66998508482346
0.923505825567915
0.36339039278284
-0.00164831393261105
1.66942404024902
0.923148307822092
0.365042347766466
0.00267556889033908
1.66893729094262
0.923457338288481
0.365418626054934
0.000876727652539259
1.66981268211211
0.924623833500489
0.363713841118678
0.00148514013627291
1.67182353877699
0.92993442954305
0.350753735586188
0.00117196075388198
1.67920783512474
0.927867823804638
0.351551810041979
0.00180552726479132
1.67464211159927
0.929500545411787
0.349941770862583
0.000689649377875126
1.67788063198831
0.931356263291292
0.348449393416
0.00187159747903665
1.68171094774846
0.930586508479313
0.348858468428633
0.000887940122728148
1.68003961394662
0.930996070986008
0.347414477839548
0.00103468322692261
1.68047533075197
0.935601483805988
0.338029175251092
0.00726729900156469
1.68809067683102
0.938202578197574
0.333266483491596
0.012271129689597
1.69271901324978
0.938707684348984
0.337625030337821
0.0150087913818855
1.69551050872891
0.939671517463089
0.342209125034608
0.047129373969135
1.70107576061048
0.950323400090808
0.336024936608467
0.0431238454708206
1.72396246775672
0.949427699540177
0.343694923615209
0.0573031432321919
1.72560725597569
0.933068849552185
0.342245450600512
0.00355394484416845
1.68353041358493
0.933610485901559
0.344846318763293
0.00494932908786311
1.68575734704445
0.932131385265931
0.345291966201797
0.00198990051678847
1.68238847871916
0.948623255117981
0.332241480916238
0.0295157031382798
1.71782328715448
0.9402547263138
0.336234157006669
0.0209160980353827
1.69891349131657
0.942811032921048
0.331042144412941
0.0171595082801808
1.70305240071717
0.926724622562853
0.35083908996802
-0.000371924885196276
1.67412677008414
0.9266120206188
0.350809758136599
-0.000982436028955972
1.67374651380628
0.926981377594028
0.350188384998856
-0.000590013645258149
1.67469117618068
0.927142896230962
0.349109395274883
-0.000924946467142701
1.67495733244268
0.926662761289075
0.348633506872557
-0.00235578414911439
1.67351780939326
0.927765517494532
0.347555674708139
-0.00120527018430528
1.67620211300206
0.932001326335545
0.342023623614054
-0.00389801151789635
1.68500099961976
0.92883840036144
0.345459438768381
-0.00191913291494811
1.678373617042
0.927848045115122
0.343145577040462
-0.00477889565388193
1.67510986747212
0.933480133537815
0.337106477894711
-0.00889633063539172
1.68715129060961
0.928035964600133
0.334323352065153
-0.0162537294472699
1.6732952702459
0.936442073150593
0.33235168761992
-0.0146418150836064
1.69292212839825
0.932930649004437
0.324580492616151
-0.0324773672125435
1.68260262497345
0.936335778042568
0.327343917667723
-0.0193552861804044
1.69110924918615
0.9289640509036
0.332201074972274
-0.022118184047038
1.67498750753816
0.894232825435555
0.349629898437333
-0.0746931965760134
1.60405898020051
0.909195012529034
0.334798254418084
-0.0709192725292366
1.63294838939943
0.909194099671825
0.352134908332202
-0.0648726929882805
1.63873443312119
0.873101924186827
0.435000961503907
0.00109714749671052
1.58915313889765
0.856077058210921
0.437389195264548
0.000862890937691419
1.55238622624383
0.85510007987417
0.428388481645052
-0.0207974778437583
1.54631037408593
0.920296621774229
0.327097988774676
-0.0604537364099841
1.65537974407278
0.9279797974708
0.324103603397339
-0.0468511657387112
1.67151513304237
0.921517354577067
0.335481896779205
-0.0475862456056303
1.65997411658473
0.886874677784586
0.368058209174162
-0.071120798970278
1.59403156951516
0.898041276349272
0.38481096150343
-0.054587285999883
1.6251011650917
0.877324852230062
0.384259380094846
-0.0669648311323595
1.5786905809203
0.887672669933989
0.434411923196557
0.0629641650551932
1.62284217363704
0.889165860985908
0.424379264099192
0.0584206853454886
1.62090934578596
0.903786764982242
0.42189949431783
0.0743242834417138
1.65416150825327
0.858393983558735
0.415185316659292
-0.0425231497468981
1.54835813117402
0.867223624134244
0.399978518470791
-0.0582401942416901
1.56214593319267
0.880353107593274
0.413984303061083
-0.0415196014690046
1.59696370673104
0.863096387388924
0.443139065814185
0.0165885906137049
1.5707491772655
0.872964750353299
0.43750682546317
0.0176168965989424
1.5898566761855
0.87335653659103
0.441494046833319
0.0421830312869587
1.5932598675664
0.928497407048791
0.363733847034755
0.0632695822868309
1.68436691321225
0.945052619568012
0.355291210159539
0.0689696628037467
1.72057220134138
0.938442282087245
0.370615452254667
0.0771312066173483
1.71184955330897
0.917356283422527
0.40532092524408
0.0786964449009942
1.67793534158077
0.908935599291068
0.395783024906546
0.063793424016835
1.65284329048249
0.927151884812333
0.387985945095348
0.0793982924264413
1.69293836808457
