2.363261247418146 0.3113008747422288 -0.5134225985794739 2054
2.629390468903912 0.2795040521723448 -0.5210792158757798 2804
2.7658073728501438 0.2571968409633915 -0.5198385813544918 3993
2.8404650384950667 0.2344715890993343 -0.49899345535834744 5677
2.9258563761038614 0.21948957553419052 -0.4885489901049674 8166
3.009643776858098 0.20120526532667238 -0.48327902132249156 11655
3.0984335814820114 0.18968781341622204 -0.4799043278439319 16695
3.1609574988052818 0.17743525547979894 -0.4772510218460205 23888
3.2395491745825793 0.1717109881002565 -0.48331261448489854 34118
3.2552314560425146 0.16070390408956814 -0.47636725558199966 48514
