0.927677905591907
0.356858359793832
0.00180809638942094
1.67619702500453
0.928262854083671
0.35549614211949
0.00180903381339122
1.67706423814035
0.927892877388706
0.356547088858099
0.00311730239092127
1.67658436741259
0.926944932608589
0.358239469298472
0.00405497057037421
1.67501210178255
0.925799724202778
0.360570630667728
0.003702966522725
1.67322672810221
0.926524083058465
0.359103293585507
0.00203616050692486
1.67435596214918
0.930115797211626
0.351382794626199
0.00359703224843166
1.6798757974748
0.929070716625375
0.35423586844809
0.00537416192647814
1.67849115486344
0.92906893447154
0.353858843592475
0.00215474370919858
1.67834152342777
0.927720971531367
0.35666123421171
0.0050765917967967
1.67623115324159
0.928926652397758
0.354188827446479
0.00541594775563834
1.67813512753128
0.927893546070561
0.356251536891671
0.00809908147517371
1.6765024588773
0.931003353236154
0.349994207065743
0.0138452737933088
1.6815228763185
0.931834630813615
0.34759384777237
0.00624518441077558
1.6825196510973
0.933883445348815
0.342707462627059
0.0108189575173539
1.68559773933538
0.917640005466503
0.375969832896036
0.0271901917394609
1.66066467505132
0.919779519921734
0.370439614191701
0.0389977725229114
1.66384250505992
0.914053285678859
0.381035949390892
0.0375038270981155
1.65478953617743
0.930391882016754
0.348764087830677
0.0352835463481085
1.68019214479138
0.93607504709388
0.336138270305161
0.0320859270540473
1.68884632801091
0.934239700388735
0.339934017906542
0.0459093467065209
1.68647536312607
0.926710997688116
0.356910967844126
0.0277727362662947
1.67435039412069
0.930221965608503
0.349545408780601
0.0356423733092801
1.6800987180212
0.925245001397375
0.358895263638705
0.0379113639861832
1.67205161387978
0.908391230059113
0.393777331562059
0.0323397672793301
1.64686361842722
0.91491029791423
0.381120770101278
0.0373568854238447
1.65678078193084
0.909700562896448
0.389076603469486
0.0510043133646279
1.64872608711877
0.928241302441708
0.355934667918043
0.0191017709908452
1.67734874006447
0.927253644283834
0.357132896104122
0.0273626623475971
1.67570811847486
0.924453425178666
0.363728523333974
0.0215189727937599
1.67153758153572
0.92257914666303
0.367079815314702
0.0143833042050819
1.66833123194443
0.92412207230801
0.363750213554817
0.0211605941407679
1.67075901887137
0.920644313275896
0.370440816723384
0.0204795228796853
1.66526859356819
0.920014445532059
0.37257963919672
-0.000145479534862883
1.66443631793085
0.918629801326281
0.37512366504673
0.00360085263649345
1.66224080204133
0.917582647767007
0.376939790717773
-0.000213463388663515
1.66053638005129
0.924957472683819
0.362362169415494
0.00636906954531954
1.67195998228921
0.926053751106312
0.360129586632669
0.00991138447202269
1.67369098420734
0.924081997301885
0.363991368747542
0.0101071052257279
1.67057899028291
0.918868912652626
0.375256858618227
0.00364746402977986
1.66285488645535
0.920451794784671
0.372013653418243
0.00686696250050259
1.66524956245238
0.917972860768911
0.376814087053055
0.00911675280726898
1.66143935714574
0.928053487994346
0.356310040776568
0.00813563346688108
1.67689876066989
0.928089149189356
0.356240186601473
0.0123276492078123
1.67700599447418
0.926253526394779
0.360094667724598
0.0100696582515064
1.67414832388845
0.927712389254249
0.356333565456916
0.0123193882747229
1.67615205104127
0.930538749435869
0.3500339664068
0.0137622465243285
1.68044327573205
0.927807705502369
0.355566052948282
0.0190123835442965
1.67619765575478
0.927567007526241
0.357130176456756
0.00198025474074381
1.67603972288241
0.927481662694319
0.357720499301426
0.00142554140428498
1.67606933050125
0.92781216068393
0.356956802227231
0.00175503731214804
1.67655125430866
0.927072263539777
0.358146319262285
0.00403532678434724
1.67527518723321
0.927913959942852
0.35649002204604
0.00320606873034804
1.67661229204012
0.9279125233786
0.356705748690772
0.00509218746663459
1.67670006972711
0.927664518617337
0.356595024420409
0.00129293218148584
1.67606802689498
0.927485881306515
0.357067968998003
0.00197868715324818
1.67582445402124
0.927242276779404
0.357637621987962
0.00124654601912897
1.6754777028568
0.923666911203079
0.361214681260618
0.0495397287023161
1.66978905069561
0.929815745404831
0.347063890969871
0.0581875944143911
1.67931906140185
0.923458303807352
0.35903349321229
0.0669497833633844
1.66954140086657
0.927482191229639
0.357171156771983
-0.000421414720451899
1.67589127027455
0.927429452602817
0.357249280435803
-0.000214684033072578
1.6757372268031
0.927331832208382
0.357452706414775
-0.00047196617815041
1.67559086761987
0.927628250169261
0.357199351111248
-0.000290214573417709
1.67615849507311
0.927522886605256
0.357254718908378
-0.00021517576148372
1.67595837395349
0.927470740029699
0.357178516578978
-0.000411043909808104
1.67589082768536
0.927164110803345
0.35789911578237
-0.00102568224843128
1.67537684996461
0.927071161602674
0.358212040646813
-0.00232059012980143
1.6752780227188
0.927643458880923
0.35709154760226
-0.0015741339585443
1.6762257407728
0.928059862122222
0.356211589709213
-0.000968761768147449
1.67680172480634
0.927774735352237
0.356825186062714
-0.000482289717221213
1.67635727338706
0.927615393944877
0.357080834534131
-0.00144846054931943
1.6761772125501
0.927068711797352
0.358030960632715
-0.0044227972241868
1.67521732766998
0.926966919066663
0.358177633612855
-0.00223851856598914
1.6750246142241
0.925941185915719
0.360239055762122
-0.0028323207766802
1.6734393991518
0.928442473907371
0.354647647852566
-0.00452091612975895
1.67724850055618
0.92955902389572
0.352793400542077
-0.00253085707964273
1.67900849097884
0.928741552216852
0.354938323545977
-0.0015379025037315
1.67790345792811
0.929601724368314
0.351210971637813
-0.0102085472341185
1.67872298813336
0.932665017457566
0.346169162833023
-0.00953748802355737
1.68389179354488
0.930799048678686
0.349948595660326
-0.0046503790322043
1.68083514034082
0.921066170700767
0.370468290910929
-0.00463236281181931
1.66605346144466
0.919308110756933
0.373847053740828
-0.00763649630092263
1.66332900018747
0.921016068647969
0.370698589252655
-0.00903843056430296
1.66606019532699
0.923253216844209
0.366102068088589
-0.00286358689601808
1.66943484153929
0.923863035928523
0.3644940506934
-0.00649079197494889
1.67023090410429
0.924654365783572
0.363048194050821
-0.00309851017679869
1.6715075448077
0.9270947179528
0.358058545561904
-0.00450601794940333
1.67526972776498
0.927981240200612
0.356793273197632
-0.00735397039551292
1.67686337699253
0.92857959062903
0.355432462885376
-0.0046315221354171
1.67780185271101
0.927627211720252
0.3580179749582
-0.0119225943871822
1.67656763545316
0.929696978172762
0.351057308962535
-0.0101203486659017
1.67885871786337
0.92809084729369
0.357275162525125
-0.00727255986944901
1.67731839754311
0.924547697164715
0.36307132843271
-0.0256622816730275
1.67157620768246
0.928658172773089
0.352044331469168
-0.02811019465939
1.67715067797496
0.926527628888791
0.359939960677513
-0.0180956436723266
1.67482164124507
0.922822396590818
0.366918729236988
-0.010441849063091
1.66878448672547
0.924792322781452
0.362858858535422
-0.0117603545228387
1.67182249751494
0.924018328632308
0.364531639812126
-0.00638716044816186
1.67060507424822
0.911597456855033
0.386554577378139
-0.0339639944700261
1.65124962365401
0.911428853476785
0.384691124213046
-0.0523856197126648
1.65096689032686
0.916470928392473
0.375274109286132
-0.0419088056754173
1.658232048176
0.921327395630417
0.368759907627143
-0.0331847718094415
1.66655149007191
0.917047464158687
0.375743789474894
-0.0415122760505179
1.65973656577965
0.921989985763816
0.364026878503827
-0.0481464924022151
1.66692186913739
0.916824547035576
0.379070302210353
-0.0122053133926296
1.65972750301617
0.914331158524095
0.382786562803067
-0.0204429452527666
1.6556141357639
0.918239215115774
0.375798236238257
-0.0180822066203016
1.66177693439698
0.920772154227013
0.370586054656711
-0.00906541191413315
1.66544513750484
0.920843029563603
0.370795960735851
-0.0142831855859371
1.6657582943524
0.922569499098762
0.366855056438696
-0.0104931315931884
1.66816906950189
0.917927857475028
0.376908439717351
-0.000474235022729756
1.66132514406382
0.914315540837244
0.383987379657226
-0.0015092535609125
1.6558550880759
0.917083246621565
0.379069180762797
-0.0057863692025719
1.66026571294135
0.920999602550441
0.37087903931659
-0.0142085935192406
1.66615339738413
0.918334846612126
0.375708356800425
-0.0179330978488336
1.66195602752711
0.920681318593993
0.370526473342081
-0.0223874291033623
1.66543782151623
0.920960404914073
0.37053458942078
-0.00454669038067476
1.6658337303555
0.92212900544723
0.368026340171664
-0.00243923597230317
1.66756407310683
0.920963345375187
0.370286979768851
-0.00167477828054522
1.66573639033672
0.90501712723264
0.399589004465194
-0.01203524473059
1.64113939803852
0.90026733674682
0.407431959392716
-0.0249538563581931
1.63396963806018
0.907861266895349
0.393462120872903
-0.0234895557327431
1.6452374043433
0.916585755328096
0.378686553602752
-0.00581000074541946
1.65894389164433
0.916709564801227
0.378595487495173
-0.0117705250078876
1.65925795501735
0.919241235825671
0.37390688851347
-0.00782576005328038
1.66319734993338
0.91122805856469
0.389241008205358
0.00621619302624027
1.65092960601819
0.90867214814498
0.393569875420308
-0.00143531270931149
1.64685973757063
0.913997876309336
0.384146338162719
-0.00173532354578684
1.65517934529347
0.886731722820674
0.42945966629515
0.0100088913523586
1.61315760922091
0.888018062532293
0.427151105084187
0.026641943902066
1.61530977274089
0.879486342494289
0.440177125470982
0.0253012740194414
1.60237951496156
0.895267806901521
0.416489180625674
0.00282928814801239
1.62634632189484
0.886904629880976
0.4291177986534
0.00998512379344001
1.61337237808487
0.888315360963871
0.42705392744822
-0.00741430399112127
1.6155604214293
0.914621728440881
0.383402253913713
-0.019878792481681
1.65653577295609
0.908479971807298
0.394093841154085
-0.0232806598598741
1.64692831771822
0.911746717882909
0.386149451642163
-0.0340313740156762
1.65144263703449
0.898960357089055
0.410135039141764
0.011983436519658
1.63195714068317
0.894773489680286
0.416627038595772
0.00288107022691895
1.62529714415844
0.902036608777766
0.404991049179327
-0.000937460928674431
1.63660829083831
0.92848614724841
0.351593712450958
-0.0281400749454934
1.67660721260822
0.932831439159509
0.34484864310353
-0.0402485485331466
1.684547185227
0.934776714230622
0.342084135977204
-0.0274084916021938
1.68767229488586
0.924499980974649
0.362904876844464
-0.0119024170353416
1.67116901007175
0.926131036681982
0.359700461912825
-0.0183574277728152
1.6738187868344
0.927108417148418
0.357620040424809
-0.0119253725917507
1.67519968181311
0.923683835433704
0.361541110354817
-0.066536220050189
1.67090462741694
0.929530406498208
0.351160188899774
-0.0544187183218569
1.67985946596436
0.921886637957587
0.363588201366065
-0.0484237023315148
1.66654242628527
0.920541413136436
0.370575671449743
-0.0226341543292542
1.66514449598278
0.921047731941397
0.368621085058425
-0.0335227317041909
1.66586140314624
0.924112050971269
0.362900215100722
-0.0260477514374926
1.67051767159708
0.905876487814013
0.395644392106618
-0.0716253123648592
1.64402679870306
0.915487238484176
0.377888902677792
-0.0738581127614975
1.65895848826089
0.911616293273909
0.384132744680575
-0.0516761725616238
1.65111071458219
0.884684678923525
0.430536298920018
-0.0598501301266908
1.61093923547535
0.894923705272493
0.414264168357855
-0.0666615272256613
1.62694403429106
0.893316751139052
0.416887942210099
-0.0415541495894598
1.62301985048401
0.920107234651532
0.372445293142023
-7.96343470565967e-005
1.66460015973595
0.921275035215072
0.370440398755727
-0.00175638249932649
1.66652807113305
0.921471894360706
0.369892691128507
0.000217191649732789
1.66677210728811
0.9220040659515
0.368777804195284
0.00454103110366358
1.66757249162122
0.921869388961887
0.368945692860292
0.00156405927934367
1.66732557055784
0.923086070305071
0.366456895679828
0.00252524047520363
1.66918226051784
0.921973506730986
0.368507597725646
0.00908750479593246
1.66741942213837
0.920168061459617
0.371925753004715
0.00699885612660101
1.66455568103625
0.921847256867489
0.368844391281538
0.00455659060964451
1.66723095583639
0.925935188303629
0.360674991647798
0.0036502161860762
1.67358338153785
0.925127850402727
0.362320704239939
0.00630365770040697
1.67234363232199
0.924505392178468
0.363621870941731
0.00312869881383649
1.67138820671331
0.902436695896475
0.40462627792553
-0.00047398521745672
1.63736532089503
0.905498394117669
0.39998366900709
-0.0119557833444543
1.64242622215343
0.909312640272216
0.393595394591901
-0.00164263302935536
1.64833626754986
0.891225175438372
0.422105601328221
-0.0238171943912729
1.62007806119987
0.893003921434013
0.417289271643747
-0.0416686469166551
1.62252764385561
0.900582047736106
0.407158539517614
-0.0247084255218431
1.63455965767955
0.888100157568111
0.427330676673198
-0.00738108519798312
1.61518087426561
0.880847014841976
0.437967876539619
-0.022863616348867
1.60425592181156
0.890748459218701
0.421503933384412
-0.0245719010784061
1.61874783858976
0.881346917155582
0.437219466488977
-0.0221832641498827
1.6049600108231
0.867775162814295
0.456592856742789
-0.0235531245720987
1.5845119935423
0.874603713378963
0.446085962234312
-0.0455911635983781
1.59523363888509
0.895816356839327
0.414542252610875
0.0264525218051382
1.62709539357563
0.899169084610182
0.410447246281059
0.0121599434768564
1.63258624271691
0.903628351503204
0.403171419804558
0.0228984776110926
1.63971862007551
0.917713040273455
0.376999200947944
0.00909484034679275
1.66090483498547
0.917144454455917
0.377842728005036
0.0174277165117735
1.66004295394097
0.914135494497242
0.383351552641614
0.0129456586756887
1.65526235829988
0.914356995582991
0.376409622916699
0.0725191759809433
1.65562884593307
0.904015908492413
0.394593854057879
0.0729972789946245
1.63949413308755
0.908842650016453
0.389468608919642
0.0507914879359583
1.64686173384418
0.90969624510803
0.391959593790608
0.0166941799743322
1.64869023481474
0.911655228403134
0.389448499867258
0.00627161700674953
1.65201470933747
0.914677726378288
0.383537334873586
0.0127286889712104
1.65658517616845
0.918129272066907
0.375733455537524
0.027121087300533
1.66171769433886
0.917470554596038
0.377989819519375
0.0176596952645131
1.66087169676436
0.921099533999344
0.370663897677104
0.020354112648951
1.66640807902404
0.902677594492055
0.402161306610741
0.0231561295628245
1.63710351910915
0.909276199366453
0.392416824658417
0.0165135830886633
1.64790147760526
0.907796762271819
0.39321404572767
0.0318546779466499
1.64521138471561
0.874205357824917
0.444606015526398
0.0504759972140359
1.5937897549631
0.866423808459921
0.455154155293943
0.0293218352712088
1.58098226050023
0.878573467909291
0.440394482270862
0.0251158969358587
1.60042439083753
0.890163034692035
0.423178303955394
0.0445494069119696
1.6189731608788
0.887549684613141
0.427069605501748
0.0272433358819121
1.61424876952101
0.895534591670798
0.41466930356251
0.0272081920493874
1.62651511514134
0.893091548261518
0.413619420207755
0.0703054311708707
1.6227585490701
0.883151787295347
0.430027477137776
0.0638497980494021
1.60759041475818
0.889624558552133
0.421826241399223
0.0443025277148682
1.61712199843996
0.924309176298793
0.364109022504133
0.0100609853777436
1.67115354125107
0.922895087793525
0.366956742552837
0.0143140179715888
1.66902534332755
0.922145221944539
0.368551279966581
0.00919943167943729
1.66784112037081
0.924056024951869
0.361235213736781
0.0495688378125555
1.67072394583104
0.920170361860533
0.370428588057676
0.0393025496842895
1.66477079064232
0.92574287928781
0.359123116942966
0.0380090773934836
1.67329414376855
0.928448461323574
0.356147161707006
0.00304912255160934
1.67773986828875
0.927524287880367
0.357117003298959
0.00706381317521868
1.67594862142843
0.926622712720833
0.358056668267175
0.00302304063783019
1.67418020503995
0.928585663887575
0.355371998357369
-0.000283275659340643
1.67779137136047
0.928230665495494
0.354873371273583
0.00306753027820531
1.67673825414972
0.927886359464616
0.356753565020871
0.0013406033295686
1.67665104929765
0.923982003572131
0.364919029870913
-4.07509506735799e-005
1.670688298352
0.924421357930567
0.363471384755628
0.00311324035298395
1.67113193903365
0.923036411535186
0.366448652970149
0.00256747163353979
1.66906386812187
0.927283860255777
0.357642173235026
0.00125913263230302
1.67557710909685
0.926645900716391
0.359129779799037
0.00197061207151599
1.67465309858593
0.926700267646475
0.359023182961854
4.32992123107362e-005
1.67476389559993
0.927463983788145
0.357036079417536
-0.00017681681458792
1.67575204705595
0.927401146822278
0.35771226743479
-2.23339471518659e-005
1.67590604341937
0.92741515024131
0.357258885993674
-0.000219467282049821
1.6757021653447
0.92752164161499
0.357282045515487
-0.000224357993028819
1.6759720563535
0.927550751464337
0.357228003296101
-0.0001496996014132
1.67600304878799
0.927447049267114
0.357037405646452
-0.00018849367412024
1.67575556937442
0.927066489983195
0.357816144513542
-0.00100481546164616
1.67511906143995
0.92731191776705
0.357385674221546
-0.000500831925969471
1.6755243780988
0.926936616240547
0.358728011023377
-6.69590042984209e-005
1.675215289772
0.924805207253709
0.363131155519985
-0.00308879966209477
1.67189130329726
0.92605596201145
0.360512435982297
-0.00287336475137623
1.67380480903097
0.925415332402804
0.361721833838209
0.000129277951786372
1.67279175433144
0.9228714415147
0.366978261166627
0.000106567850054194
1.66890142475926
0.922273598203458
0.368344951141472
-0.00243353243932831
1.66803014945834
0.923345434900953
0.366037188491559
-0.00289659147497735
1.66962371974795
0.921822813583688
0.368977292593527
0.00158406353459054
1.66722919060295
0.921243978955767
0.369828916571807
0.000325959755235982
1.66621410078496
0.921789023656576
0.369393534093224
-0.000112369366063033
1.66733460423373
0.927233152627583
0.357516548484126
0.00148018837253563
1.67540673335606
0.926859825107216
0.359355962093585
0.00311753200371089
1.6752389453527
0.926507393615899
0.358542733804441
-0.000270493153498375
1.67412777625956
0.929057758338491
0.353969828729895
0.00213000930263743
1.67835826006769
0.928369790721335
0.355557833144503
0.00166697411094177
1.6773400678946
0.928468242093686
0.354777067974748
-0.000131103390395892
1.67729069393605
0.933652878534856
0.342679739795788
0.0106035073040581
1.68503324363071
0.9363946493996
0.336792701804892
0.00461693989529556
1.6893334086392
0.936817673295396
0.335153038452877
0.0176348608079178
1.68990857904301
0.930049656742572
0.346778114805916
0.0583995441443198
1.67978919392059
0.933844196726181
0.339395083406103
0.0461839126074366
1.68534090102359
0.937969147614458
0.326607055685169
0.0613171119426331
1.69141463462085
0.93106751874944
0.34903036877445
5.23661185780403e-005
1.68123606035276
0.931735098114294
0.347637019238503
0.00603212335963083
1.68230152350682
0.930101732596605
0.351348535797687
0.0033683693269516
1.67982802147805
0.941005545899472
0.323214652098295
0.0262339839086191
1.69584695403079
0.936068053047371
0.336665975366497
0.032084131288721
1.68904358567308
0.93674556011358
0.335647059063322
0.01759324694583
1.68989900396518
0.927565595735914
0.356354918417518
3.64585243446537e-007
1.67594871686629
0.927631849503042
0.357218905218898
-0.000301377606333355
1.67616115454499
0.927790750630135
0.356889434371411
-0.00048741745764897
1.6764071317844
0.928239882681567
0.354883360186975
-5.76312163527329e-006
1.67701470212334
0.928062758574688
0.35612240326757
-0.00103347714438368
1.67675515130956
0.928636024151648
0.354948519312662
-0.00159539782375
1.67765669378591
0.931119584941267
0.350371806062213
-0.00494941994077913
1.68173212530994
0.930519617933683
0.3495854276276
-0.000338717401307949
1.68049201480311
0.929611626437081
0.353316809198534
-0.00269310414598282
1.67929369953754
0.936512183803755
0.335475655178435
-0.00573497864702468
1.68956554157358
0.932989426942238
0.346699836482974
-0.00941919064657986
1.68480257396825
0.93599388727122
0.339162336914559
-0.0162464220094839
1.68930742529228
0.934695295143654
0.341956773083888
-0.0272274246347853
1.68742210338069
0.940426271213575
0.322245807258013
-0.0228330243799633
1.6945050976709
0.935548923963166
0.339625181108909
-0.0161547279887182
1.68844671513357
0.914769455981288
0.377360436856462
-0.0731922958736468
1.65692392305373
0.924002531140907
0.347460312721978
-0.0891993100341452
1.6686291286774
0.923594728971858
0.361382672141317
-0.0663934984123462
1.67065155758817
0.866544836541884
0.456092668096067
-0.0243337367801623
1.58157474038325
0.860558013622807
0.465292237308055
0.00374092975033721
1.57280554091575
0.85227661859359
0.470498793339149
-0.0256083995734891
1.55802120524729
0.929668603259867
0.350806130237468
-0.0539167749273958
1.67998005757516
0.93900116005121
0.321740765408182
-0.0550279284880835
1.69218603880263
0.933132238844039
0.345878965582907
-0.0397670301761464
1.68559975463063
0.89746243491706
0.39618992297701
-0.0990467961749747
1.62788608396119
0.90469760617745
0.394934073634224
-0.0710897248290616
1.64096979831371
0.893736178315847
0.414741482872451
-0.0666317047951148
1.62432686405957
0.874097675002861
0.439053346227205
0.0827100145296541
1.59321652483161
0.873853149991439
0.445114782387703
0.0504724181270161
1.59331496723966
0.883741566309059
0.429346936004552
0.064535803571044
1.6085902200005
0.874215259236793
0.446488490886069
-0.0454194653163169
1.59445465359852
0.871379386509929
0.440187793893674
-0.0776465259359599
1.5874661013227
0.883906041585325
0.430445321451434
-0.0597665141356398
1.6091442118448
0.854997087926959
0.468900900536581
0.03509413896434
1.56337046136923
0.860186689659719
0.465628140251318
0.00340827745563395
1.57224938385238
0.868175771279409
0.455619709182201
0.0291580288021277
1.58502826509087
0.914745476545927
0.376568774988244
0.0733204724778713
1.65667708967136
0.923952380598436
0.358749016659629
0.0674919508545098
1.67059113937872
0.924063006835269
0.351984783331025
0.0906660721823099
1.670188628762
0.900429329157052
0.394293413864279
0.101018945028076
1.63371171958894
0.893190005462173
0.414644841560336
0.0704883823533641
1.62351219731135
0.905056785218699
0.394617743077349
0.0736646296877237
1.64189913157121
0.92783794476238
0.356766374350282
0.0018177416445956
1.67653812405531
0.92782364924039
0.356234534736156
9.48903153951764e-006
1.67633271323407
0.928369278857233
0.355622128717366
0.00162520427558814
1.67736344705297
0.928374627361332
0.355435226714778
0.00172981910638121
1.67730370046708
0.928531259891641
0.355347008912665
0.00349052539040064
1.67763703462973
0.927914798673569
0.356553775443182
0.00317730752594781
1.67663859618666
0.927931191769049
0.356702015915405
0.00311698588084491
1.67673467039707
0.927405075858833
0.357377010792458
0.00252109998619002
1.67575569047717
0.927826314750615
0.356776743890325
0.00183737248725246
1.67651516769235
0.927103597187861
0.358092785086909
0.00396115398800106
1.67532719241906
0.926680223254048
0.359174312987909
0.00623249953648507
1.6747631535822
0.925849695931718
0.3606982575655
0.00380500896442248
1.6733940226003
0.925869288984419
0.360791196971793
0.00354276970219512
1.67347463690895
0.925430484639371
0.361785948056312
9.51849592224609e-005
1.67285501149717
0.926669721055421
0.358930274739534
0.00210988412474631
1.67463050586319
0.92662910032423
0.359076766223446
0.00211759337216734
1.67459334207193
0.927427094512406
0.357384318271855
0.00245021477360805
1.67580934082366
0.927080181241299
0.35826709180388
0.00384598940130523
1.67533976212518
0.930190955135715
0.351314344436329
0.00362200609065035
1.68002649567581
0.929687034628395
0.352280629796756
0.00838443389106211
1.67922444189234
0.928834375480369
0.354268682788509
0.00514226334115957
1.67794506661257
0.928988430447494
0.354138895946392
0.00523335943761581
1.67826044185757
0.92844347248853
0.355231371630607
0.00341144981435067
1.67738567352118
0.929089210081837
0.35385830741103
0.00217064695105638
1.67838939467263
0.929034303622619
0.353945670285204
0.00207601549089054
1.6782926910545
0.929668124622032
0.352129893939288
-7.01753333735444e-005
1.67910937037128
0.930139362227456
0.351321562444571
0.00344309140591933
1.67990784484942
0.927905855234253
0.356617301507696
0.00526500986149761
1.67665080895204
0.928523291281348
0.355134051247375
0.00357052613462559
1.67753679411657
0.928996367589575
0.354249639447489
0.00527434810914327
1.67832191172654
0.92904478794216
0.35405365631326
0.00528292031036516
1.67835988818942
0.929749510835609
0.352560612610277
0.00841719285942198
1.67947834154559
0.928034872114628
0.356451103931534
0.00835638551041209
1.67691286476864
0.927989290569684
0.356544466300422
0.00802398034089654
1.67683935525406
0.926670808147614
0.35909700881953
0.00652747474200829
1.67471244970624
0.927935816890555
0.356484910609137
0.00519150005757033
1.67666927551752
0.930700683178469
0.349695587077465
0.0134460659293918
1.68069610130279
0.929487912052856
0.352543783031621
0.00827433469692557
1.6788515254511
0.931733415571621
0.347726638475692
0.00633673726970635
1.68233227560709
0.931535497711995
0.34794312777277
0.00594839409823773
1.68193843645697
0.93361569307699
0.343161668950184
0.00148007315204163
1.68507475413245
0.933876942190371
0.342288862778079
0.0106317318814869
1.68542759989579
0.933860830274864
0.342678539802627
0.0110919103960425
1.68553427258901
0.932003707269995
0.346140044616176
0.0225163662411921
1.68261737199637
0.930376894690018
0.350039688529114
0.0130283856789174
1.68004363572414
0.918023320792018
0.376119132151535
0.027897287991176
1.66164740470012
0.922804443208803
0.366374315677713
0.0290748172908275
1.6689168182726
0.920228682207691
0.370177521964816
0.0384681376985763
1.66477515209349
0.920549748957451
0.369795665893736
0.0389924730641961
1.66536992564907
0.917429362974223
0.374179183348058
0.0521999374930992
1.66053896200799
0.914417928196204
0.382039169020877
0.0376744351432989
1.65605324382358
0.914455011509276
0.381476538225246
0.0368228559028264
1.65587607424825
0.91357434437321
0.38507516045121
0.0238194813643901
1.65490084675865
0.918373802668277
0.375531962828746
0.0276350191707497
1.66220180944714
0.930581434228358
0.34859834076695
0.0352279478474091
1.68057661183357
0.931826399807925
0.346644455097604
0.0225596675350159
1.68236593436023
0.935471885497232
0.336531165371309
0.0324961626365066
1.68759323603565
0.935804607105274
0.336499737573319
0.0318886156942316
1.68832668033924
0.940579126416896
0.32245443225041
0.0453583810538259
1.69529795023753
0.934025374987464
0.339448240699013
0.0463738379692608
1.68581399042872
0.93370094978571
0.339888592573945
0.046465703609117
1.68520429729599
0.928597644478051
0.351569929315114
0.0454380023368195
1.67747681485578
0.930272627476928
0.348874221333872
0.035338924381214
1.67994911446338
0.927163254597639
0.35666286680415
0.0282272605444779
1.67534090060451
0.932272055819434
0.346225038213113
0.0228524604679178
1.68326574982217
0.930861918568338
0.349428734148823
0.0348662695070906
1.68153911423285
0.930747212660746
0.348929018513408
0.0355761484517472
1.68109270591015
0.928842059474206
0.3521834075164
0.0450670326042703
1.67826916998777
0.925414956035315
0.359418831522164
0.0381695845898304
1.67266058208962
0.925588836071912
0.359523382368697
0.0374189400382154
1.67308135508095
0.922501075564929
0.366753989710057
0.0293901916227008
1.66837950485206
0.927375832616281
0.356673669627143
0.027929562835932
1.67582044571633
0.907958699667869
0.392520901361844
0.0323581418672724
1.64533478941512
0.913184547398207
0.384783551195201
0.0230475587799326
1.65384682472198
0.913926882256614
0.381827099788453
0.0373719608646523
1.65480235820443
0.91388503834373
0.381721163945281
0.0366525331631388
1.65462887059878
0.916954097162935
0.374541079667079
0.0527974324472393
1.65959626864503
0.909236468132919
0.388546609856722
0.0517082699356396
1.64747683968863
0.909078240707107
0.389642163870105
0.0519677646341583
1.64754484045029
0.89985120241182
0.40566316013669
0.0451143528753136
1.63300147464121
0.907802656877402
0.393217369991652
0.0310323974109124
1.6451937514343
0.927519311057081
0.356498780640036
0.0190485667981865
1.67586757388411
0.931697941026994
0.346724276063576
0.0231343501052546
1.6821181478901
0.926918271317764
0.356256587908267
0.0277727873611548
1.67459658728301
0.926819408150633
0.357251228083323
0.0280022838627565
1.67474590574079
0.922249256947596
0.366077322813157
0.0290951713349443
1.66751686440473
0.924035651682908
0.363823741164035
0.0209293878404469
1.67057698798204
0.924212124767956
0.363090028713655
0.0211511483586876
1.67071569407029
0.925205479386145
0.361593372098609
0.0144570366510326
1.67232663993336
0.927703193711357
0.356241418142652
0.0192443179768368
1.67621130453125
0.92284800375193
0.367121774536666
0.0148327752270835
1.66898727971311
0.925682692537854
0.361244108485713
0.0146199823778512
1.6733109842618
0.924491064025437
0.363577017619145
0.0207110018620782
1.67155080677124
0.924642610185767
0.363402312506293
0.0210993308378232
1.67183495158324
0.922622323531381
0.366678184434609
0.0285407554912889
1.66860994317896
0.92086328253558
0.371097130335538
0.0206467232048653
1.6660451271092
0.920948665502092
0.370811542010006
0.0199733195632552
1.66611777956687
0.920187488525283
0.372543035914513
0.0129348539003976
1.66491143240839
0.922999363413271
0.36678974824405
0.0145991107932096
1.6692007271662
0.920072818563464
0.372805802580201
2.89622379999457e-006
1.66466535484501
0.920882674563541
0.371086880147505
0.00267087693659576
1.66586755053644
0.918934636608927
0.37488235855153
0.00344039218559766
1.6628554486342
0.91901753862317
0.37488361268498
0.00365756576417181
1.66304688052585
0.91598556905077
0.380668074959668
0.00441281582758792
1.65836539317247
0.917836072928984
0.377399683193886
-0.000529531767075859
1.66131587020615
0.91783393169935
0.37692118657409
-0.000603382538031713
1.66111455558967
0.919613675637723
0.373769542281322
-0.00339608990437785
1.66398837981611
0.920172235215878
0.37252519705906
8.89084567135398e-005
1.66478258445276
0.925115895924746
0.362333814760194
0.00660378962169104
1.67232332512263
0.926717021312986
0.358994283685526
0.00636665907388373
1.67477921004574
0.926245500042097
0.360094337891284
0.00965307990954116
1.67412634551593
0.92632563828178
0.359904365676414
0.00980082004415482
1.67423845303181
0.925578347838425
0.361476058091252
0.0144067171641187
1.67315923890881
0.924203802237665
0.364322221516509
0.0102642944327654
1.67099564639228
0.924228426312073
0.364234340043215
0.00986699342515198
1.67101529266369
0.923469550289303
0.365771012912631
0.00602208506306281
1.66981395252486
0.92519211852574
0.362207107852127
0.00644261396964008
1.67244920760378
0.918689200734078
0.374822376650611
0.00382827197266851
1.66225969085912
0.920704615115855
0.371178407925985
0.0025072249410358
1.66548816753762
0.920118646063755
0.372250842935253
0.00684418254571437
1.6645683379292
0.92018458634166
0.372177419603607
0.00666016193470863
1.66469114717923
0.919947029438104
0.372474443634734
0.0127583359544292
1.66431757559788
0.917681559934426
0.376664006102383
0.00958660588850064
1.6607033670919
0.917610073855077
0.377093438896629
0.00938140176559992
1.66070662676173
0.915664178399715
0.380606682929202
0.00492845988326948
1.65759474371603
0.918766510488502
0.375012831311598
0.00338292632005813
1.66251353052373
0.927722107585693
0.356553206949198
0.00801898636681723
1.6762115842089
0.929638736329434
0.352492262047627
0.00866535206044157
1.67919339614083
0.927941332584213
0.35584356251642
0.0124698589113824
1.67650876548072
0.927876071234599
0.356233166834494
0.0126679824106017
1.67650496732389
0.925393891497342
0.361087619819889
0.0146889307588904
1.67257974918689
0.925976012510055
0.360163286626215
0.00969951947725909
1.6735173923423
0.92611607090646
0.359802893396613
0.00983367947542691
1.67371108255954
0.926461346879422
0.359169057516793
0.00628766672790905
1.6742458774568
0.927832734518667
0.356524589009589
0.00827357807390592
1.67646471874367
0.928152566820435
0.356200403185125
0.0128428448095506
1.67714589346253
0.929852120912886
0.352243776036988
0.00849073515527816
1.67959861831704
0.930763232894307
0.350134276565422
0.0134442395688104
1.68100910970922
0.930917449970404
0.349567797604224
0.0133215395287113
1.68114681970321
0.932062163043916
0.346764433839009
0.0224754769473575
1.68298519303117
0.928123535160622
0.356192380513168
0.0196518235358192
1.67718887169576
0.928027004843794
0.35615739468508
0.0187364707750729
1.67693479768035
0.925592924090298
0.361537969204073
0.0149961197576425
1.67322558979324
0.928213215895673
0.355937447224209
0.0124763657999848
1.67717915459049
0.927488262582502
0.35701480363942
0.00180338295678171
1.67580959498128
0.927443696913232
0.357106617770903
0.00217403529968757
1.67574085921989
0.927382632455669
0.357857987333584
0.00160482925986828
1.67588967328112
0.927277854134712
0.357664527760218
0.00141681959373391
1.67556848300466
0.927771345765447
0.356263893581923
0.000150692506558472
1.67622111489747
0.927784750552741
0.356783118973571
0.00173548307307533
1.67641934887628
0.927688095989533
0.356880388951304
0.00195355369989043
1.67623043323374
0.927353044627955
0.35733322719045
0.00240684448100527
1.67561584691986
0.927451624250792
0.357194222826754
0.0018902355658241
1.67579257012951
0.927018224756678
0.358063560532539
0.00390642273771751
1.67511565932844
0.927271131728112
0.357470076304549
0.00243050689418288
1.67547592096589
0.927793527315394
0.356608462569671
0.00332811432883348
1.67637539727506
0.927767146997932
0.356597986793293
0.00312469976013243
1.6763078662309
0.9284316848571
0.355251863765134
0.00366492294917568
1.67736671082375
0.927842428966117
0.356514307410667
0.00512662108700427
1.67646170454409
0.927780940598329
0.356643797806559
0.00531588550117337
1.67636747748463
0.926584442589337
0.358924943108417
0.00635081083315953
1.67444220077427
0.926910320119243
0.358219450598457
0.00389352122357237
1.67492165078836
0.927731688973571
0.35641274049138
0.00144086031708488
1.67615603499804
0.927654224574358
0.357051255142973
0.00216805103069331
1.67621471859359
0.927597476933337
0.357217496700709
0.00179845187760953
1.67614441248945
0.927582209927464
0.357029874382136
0.00186899204034417
1.67603615706886
0.927422513072966
0.357548597250428
0.00238697852803928
1.67586217795668
0.927309028289449
0.357667105311563
0.00135926327173097
1.67564618966095
0.927255368826619
0.357743332350136
0.00124370734999472
1.67554930897822
0.927481186603206
0.357321642118632
0.000104729250849695
1.67594249979668
0.927811390020104
0.356699286158675
0.00124507738603326
1.67645369300962
0.924083659389016
0.361360544380445
0.0502769500721693
1.67087287856268
0.928787380897297
0.351607941474721
0.0456632919891554
1.67794759560393
0.929908841596641
0.347012043486999
0.0579843504367961
1.67951397004887
0.930149790640232
0.346407014492112
0.058273745260403
1.67986156085696
0.932427249363816
0.336562386507804
0.0773597576831127
1.68298932461448
0.923587335985119
0.359575914453474
0.067725144096957
1.6700968785688
0.923456198113395
0.359445555335244
0.0667604422851579
1.66966893848639
0.917511803589185
0.374622855956167
0.0532103053695452
1.66096194399995
0.924445727201903
0.360789140797582
0.0501492397519289
1.67147371453895
0.927464242034697
0.357181833748118
-0.000411088212945119
1.67585615662954
0.927454918769015
0.357128491509494
-0.000278064082849317
1.67581474488284
0.927417896337014
0.357260788062215
-0.00021319045426142
1.67570596229798
0.927415877404391
0.357218711847313
-0.000236333626977192
1.67569745276685
0.927223766398629
0.35811751831226
-3.73149926430338e-005
1.6756689429204
0.927288343056142
0.35745159757736
-0.000475384089785185
1.67549002175343
0.927316381791273
0.357475358401031
-0.000479685353512794
1.67556009860734
0.927474382188663
0.357234510797051
-0.000744476781695706
1.67589282693782
0.927462486456021
0.357155466269206
-0.000395069855054446
1.67584121277931
0.927642689024298
0.35719291214876
-0.000291399539557376
1.67618351842709
0.92745942345207
0.356806529938282
-8.86792598655531e-005
1.67579637820566
0.927580351643322
0.357340032438642
-0.000237879951931991
1.67609127835426
0.927530049178771
0.35725765016855
-0.000235783808950959
1.67599012457806
0.927448549921132
0.357123725093464
-0.00029575143815494
1.67580712836064
0.927472422604349
0.357177131907693
-0.000403069435643765
1.67588473919616
0.927466391522649
0.357188227261914
-0.000411349137213876
1.6758733543771
0.927516227795533
0.357208387810159
-0.00072787262562092
1.67598860850575
0.927653393979487
0.357187858648741
-0.000306317962491141
1.67621746863539
0.927090973213089
0.357734364302677
-0.00105597450053994
1.67514617800953
0.926353843708183
0.359815594728525
-9.20936302551119e-005
1.67426072887439
0.926864109933101
0.358382069284086
-0.00234097276214375
1.67486485673161
0.926989755845681
0.358232291574541
-0.00234047085527809
1.6750882896359
0.92778457878337
0.356673027217725
-0.00269562176280263
1.67640283138389
0.927566723205595
0.356994858953235
-0.00144021499002899
1.67601479738103
0.92753345060709
0.357150665261675
-0.00146709371881851
1.67599401262561
0.927484820385777
0.357141129693741
-0.000721127053921166
1.67588168357342
0.927147591039108
0.357883798062009
-0.00106903569185137
1.67532671092536
0.928084497293812
0.356178540453793
-0.000959205035485692
1.67683644832769
0.927851388356827
0.355755625635266
4.07113335611794e-008
1.6764069901409
0.92777287895511
0.356861319085859
-0.000539116912677148
1.67635698231435
0.927819803082195
0.356861357500846
-0.000554722681577165
1.67648450922108
0.927505037525685
0.35721797589471
-0.000740958962068014
1.67596505588293
0.927620736668489
0.357090449833521
-0.00143871775475072
1.6761865484572
0.927580832124363
0.357091880356903
-0.00147643200271777
1.67609246387003
0.927879933033632
0.356536897469957
-0.00268425159784191
1.67659018172817
0.928159770015049
0.356171196992309
-0.00104274829726943
1.67702776109181
0.927230661468148
0.357977270271365
-0.00444746174761055
1.6755625285669
0.927914874458615
0.356646150066139
-0.00287356964674439
1.67669172203033
0.926968571744865
0.358242814288059
-0.00227797202078015
1.67504960984421
0.926999177199146
0.358313291609116
-0.00247420942781026
1.67515787129813
0.926314683935806
0.359853641722592
5.04466264891257e-005
1.67417972667398
0.92607162708921
0.360212262087214
-0.00276703556708967
1.67372921530538
0.92593913656804
0.360244674577295
-0.00278729647777979
1.67343164108432
0.925890038957599
0.360273692041801
-0.00683024991722487
1.67335199858831
0.92727426134757
0.357985822271229
-0.00464765947408902
1.67568931775162
0.928329663625356
0.354653136507449
-0.00472001126786807
1.67697614018291
0.929242868945124
0.352164185437732
-0.00611657046545257
1.67821875188609
0.929615088318243
0.352757939155138
-0.00259888763028435
1.6791431105356
0.929632067328382
0.353027161987439
-0.00260227718503681
1.6792477098989
0.929080515768256
0.352932349725009
-0.000148961274461659
1.67829873148858
0.928641497575633
0.354948389368042
-0.0017126222433364
1.67765372715858
0.928747193928805
0.354787279267477
-0.00166809177725273
1.67788757198717
0.927793353321027
0.35653749789075
-0.00282396000887345
1.67638888904317
0.928413286565351
0.354976812093907
-0.00453423939565231
1.67728011336042
0.929901942976565
0.35138617254922
-0.00961442283065171
1.67947530751306
0.930861903530109
0.348952317388933
-0.0175096324221835
1.68091054284799
0.93321173507607
0.345790716264853
-0.0101303471248255
1.68505949584668
0.933295275636084
0.345781186155903
-0.00950038214943932
1.68520876039427
0.933541342285929
0.342569479156454
-0.00216259169779031
1.68505867824422
0.931073632722738
0.35080261808495
-0.00475002203129837
1.68179288781663
0.931148015003585
0.350094647922259
-0.00515171517375152
1.681718961804
0.929454178311483
0.352367115539965
-0.00596343752619395
1.67877622860351
0.929942721491934
0.350945618764813
-0.0101039850859497
1.67941609933731
0.920942482389102
0.370394090331876
-0.00488785037569244
1.66573616628046
0.919281500663223
0.373599707672284
-0.00334068745823986
1.66314180313562
0.919116831490412
0.374006436833686
-0.0073824188834584
1.66294587379801
0.918994872795155
0.374002564333365
-0.00779395265452408
1.66266041457158
0.919210131466813
0.373961890310776
-0.0118232831972235
1.66319376869603
0.920875260394735
0.370371348427991
-0.00905109594413334
1.66559852037336
0.920895560391659
0.370564455240202
-0.00879328570632259
1.66572209096937
0.922292408599312
0.367546622734475
-0.00582226766620247
1.66776123480259
0.92081689894994
0.370602743150724
-0.00478341239937178
1.66552512844208
0.923397946339581
0.365985058536612
-0.00270339247808923
1.66972566203704
0.922475441807353
0.367628454228055
-0.00576055492503298
1.66822258190619
0.92396323868671
0.364582239025412
-0.00665776607641071
1.6705029388782
0.924045673931964
0.364348100652086
-0.00673337783783184
1.67059927100152
0.925878786639948
0.360535953054232
-0.00695295374835684
1.67341826666933
0.924749238684121
0.363213270271583
-0.00287783858645644
1.67179067648843
0.924730718592096
0.363229767222293
-0.0031505083076074
1.67175985405922
0.924032367998295
0.364564550643014
4.6634425318384e-005
1.67066738709013
0.923394527809455
0.365985788024573
-0.00294805105075916
1.66971886033218
0.927243582284463
0.357960292305963
-0.0044034827757072
1.67559583513404
0.925868159598782
0.360286052199192
-0.00702845902831078
1.67331744360238
0.927831652994558
0.356738799886695
-0.00734460044600913
1.67650251208651
0.928094931764676
0.357009359341284
-0.00742569081014405
1.67720217121716
0.929230677707202
0.351951368712227
-0.00606878392976001
1.67810287075979
0.928510745543675
0.355116118022012
-0.00456657633980595
1.67754265871087
0.92842982647288
0.355390132761772
-0.00447108525988845
1.67744694900559
0.927795749839735
0.356475923859136
-0.0027092695845164
1.67636076238408
0.927162412517682
0.358084347025865
-0.0044583600753738
1.67542799374507
0.926995423124226
0.358460183480239
-0.0121110374359992
1.67524496288148
0.930259190359285
0.349486904315408
-0.0174671267036667
1.67969107753321
0.92957876502718
0.350777683846308
-0.00979137707799463
1.6784737449452
0.929554544874419
0.351161577521637
-0.0100505845921972
1.67856891012605
0.929246621572774
0.35193541644143
-0.00601909366817564
1.67812273338131
0.92782024455769
0.357196466283584
-0.00763109261671965
1.6766421547127
0.927868434479475
0.356754271191736
-0.0074534440590818
1.6765998934155
0.925632829010946
0.360495443379124
-0.00710279079455719
1.67284235732091
0.927179324652851
0.358072699666709
-0.0120089350137642
1.67554554958585
0.923966152572583
0.363477556255535
-0.026067449886972
1.67037525605729
0.926100848110723
0.356671533341279
-0.0383465705587095
1.67325824250422
0.928760055066144
0.351592941512174
-0.0281792783164785
1.6772287069761
0.928680906037752
0.35207142751349
-0.0278802259026024
1.67721746013888
0.930434838207673
0.348919143381018
-0.0177984657686025
1.67990841063084
0.926004036788018
0.359709895932658
-0.0189669621764785
1.67351686296876
0.926157867313631
0.359341665075852
-0.0185120192157152
1.67374069740948
0.922931294705638
0.366035846643019
-0.0172282737981593
1.66881087005457
0.924180521749228
0.363204552990171
-0.0257237629872107
1.6707845648467
0.922479774288959
0.367192399865874
-0.0105574498123137
1.66808853452193
0.923127084535317
0.366070063071753
-0.0167970571671139
1.66926481298925
0.924643761254679
0.362541600345611
-0.0117117198145042
1.67135174213335
0.924705007792978
0.362822415193561
-0.0114511405262288
1.67160222224744
0.925770581482026
0.360270965412549
-0.00684472336187816
1.67306332184665
0.923769180596166
0.364583932046497
-0.00677921471563266
1.67004087398764
0.923846346344281
0.364306145853721
-0.00663491801391856
1.67011806894055
0.92222088178659
0.367794032592118
-0.00580088383834775
1.66769347338049
0.922628490595015
0.367078295471067
-0.0102983396965916
1.66839476879098
0.912569666214336
0.386093356520587
-0.0332615725890328
1.65328592430876
0.90411869799566
0.399314604605069
-0.0431986064597725
1.63985167019381
0.911494363729336
0.38472464500417
-0.0528836185252813
1.65116168380835
0.912056297470959
0.384308513601677
-0.052283967768591
1.65224319852637
0.917590026111748
0.372542158145008
-0.0564990285039369
1.66051331559281
0.917097886121384
0.37579789978459
-0.0411900262619371
1.65986983777853
0.916634414222077
0.375942729065778
-0.0417806452183118
1.6588821790941
0.917468729059477
0.377233408384506
-0.0274583790058874
1.66079924866956
0.912298238378651
0.386043085854528
-0.0340206849232645
1.65265999488989
0.92089369618796
0.368264453248941
-0.0338156036527819
1.66537372709582
0.916914771285123
0.377316686163944
-0.0280459158164757
1.65956440606678
0.916769296323021
0.375932388328109
-0.0416427122502715
1.6591800224376
0.916602619823927
0.375922680801027
-0.0416724528226029
1.65877955398322
0.917611870032191
0.372645477567287
-0.0564271443283768
1.66059700392323
0.922077822004992
0.363828186284888
-0.0484065141262384
1.667064372311
0.922183017197289
0.363939523090171
-0.0482310229816003
1.66734041258051
0.926107130330346
0.356455212290274
-0.038612905934973
1.67320183134653
0.920867876274105
0.36884066880859
-0.0336737093189586
1.66551536878912
0.917118259742052
0.379034948196017
-0.0120669954315083
1.66039418007443
0.91229827917322
0.387191796639297
-0.0107277415045449
1.6525674053366
0.913914465262583
0.382894526854258
-0.0201970874536208
1.65468833796124
0.914323809918537
0.383079302802155
-0.0204075716019623
1.65571657316041
0.916930993495171
0.377006103821953
-0.0278109658032833
1.65947203892715
0.918466131853787
0.375879814210562
-0.0177069969190698
1.6623270728215
0.918094090391934
0.375833729808551
-0.0178089109244399
1.66144837588101
0.919371588880396
0.374032063481123
-0.0120060946868919
1.66360081725623
0.916746690091259
0.378804905517799
-0.0120965368857835
1.65943282382969
0.920997547038851
0.370509266637712
-0.00881600474529146
1.66593750600386
0.919351121490136
0.373826812867438
-0.0119769686318759
1.66347026468827
0.920883815664082
0.37086306870186
-0.0144575153420919
1.66588490916085
0.921024753115141
0.370645455706692
-0.0144104939465013
1.66612224207541
0.923166810269911
0.366111567592253
-0.0170169756815406
1.66937647452972
0.922772394885009
0.36713459718493
-0.0101733589680186
1.66874879108483
0.922703527211922
0.367149970589596
-0.0105012555935453
1.66860224908036
0.922432425115583
0.367689944248315
-0.00557488644654728
1.66814457999349
0.921056593518173
0.370408830160043
-0.00895738903915589
1.66603740439856
0.917724673793973
0.377018490556943
-0.000779906454647707
1.66089687081505
0.915547373364461
0.381017310271187
0.00461854165920418
1.65748638527375
0.913945509203097
0.383971719194305
-0.00104950725180248
1.65498926184492
0.913789175237369
0.384526869858578
-0.00111885104235271
1.65485032858162
0.912234462336545
0.386980472827673
-0.0101314291040585
1.65233710956277
0.91690172108448
0.378555994887762
-0.00603809539788275
1.65962687770551
0.916774632230769
0.378560001030876
-0.00536770729811696
1.65933396746043
0.919496912238314
0.37341916868379
-0.00352843941757306
1.66357212780376
0.917458810627606
0.377187919907902
-0.000503108122153395
1.66034677847882
0.920813549104251
0.370638298233465
-0.0145208688701178
1.66562948479146
0.919161805466828
0.374032781398305
-0.0121794638324118
1.66311550820358
0.918262992352123
0.375758873159215
-0.0178480084074447
1.66180961137513
0.918080169001532
0.375955167865938
-0.0180629829472349
1.66146557199424
0.917167119587413
0.376912595814871
-0.0278279268398705
1.65998015228537
0.920687959448898
0.370271400948105
-0.0225407573860711
1.66535464650738
0.920728488848979
0.370479979282887
-0.0222833111418436
1.6655268985731
0.923068175467348
0.365748023299496
-0.0170513884214113
1.66900347076344
0.92069001469352
0.370926569749822
-0.0145695393385141
1.66545282816292
0.921108210641146
0.370418094211364
-0.00471566873604081
1.6661328185922
0.922458743462092
0.367870928119242
-0.00578008492673089
1.66828034854265
0.922255040723189
0.368103606499739
-0.00220700335318011
1.667888845499
0.922297330306458
0.368408126640844
-0.00235523879451886
1.66811166246489
0.922104474797079
0.368747285617571
5.36645069077475e-005
1.66781244435984
0.921277547521563
0.369988203894884
-0.00159728981107336
1.66635164186735
0.921286850193592
0.370200883720301
-0.00160793712230512
1.66645801414878
0.919602783362903
0.373338864753156
-0.00334843295098054
1.66378756097812
0.921095836981708
0.370740090833639
-0.00480264186675066
1.66623490261815
0.905752183348825
0.399434396178562
-0.0115712351401643
1.64275344175197
0.897743595129313
0.412044841853178
-0.0109437699237988
1.63001219941118
0.900039043142566
0.407458175105494
-0.0249425472442296
1.6334695007004
0.900324768460831
0.407253367566485
-0.0248310278719244
1.6340005314588
0.90325430285193
0.399868109309413
-0.0426335830942615
1.63811878788008
0.908556068773831
0.394008647913906
-0.02239615653523
1.64703555014724
0.908202018170448
0.394105571954325
-0.0230595363880419
1.64630500108044
0.91289385411994
0.38701546063963
-0.0101894295472047
1.65386737048478
0.905569259005783
0.399178677260877
-0.0116046760500414
1.6422194274364
0.917015100245638
0.378457997132136
-0.00585620139417648
1.65985048707197
0.912730099380205
0.386817225431298
-0.0106717302402649
1.65341998784171
0.917038278263949
0.37904267308362
-0.0122565268153814
1.6602157242042
0.916963786000342
0.378471037576785
-0.0119999537317139
1.65980108176042
0.919384006209474
0.374142400552199
-0.0121021221807962
1.6636773498543
0.919274946076627
0.373892148302311
-0.00772875402280338
1.66326910051494
0.919350117833524
0.374291680662534
-0.00774625838142406
1.66360973677313
0.919631234981822
0.37342132902248
-0.00324696212293971
1.66388562905648
0.917031769500185
0.378451556410838
-0.00576672857378438
1.65988964982321
0.911912925099597
0.388871516071673
0.00642971052102982
1.65235917751695
0.906133446008157
0.398327491116561
0.00837161166039668
1.64311234439943
0.90902226504506
0.394231818500622
-0.001872584458545
1.64795641474006
0.909101312708797
0.393493144160829
-0.0022833195481107
1.64781986951434
0.912535644441219
0.387556001816134
-0.0107575607779134
1.65328724384403
0.914403330139713
0.384166002189863
-0.000969845978409964
1.65612554602784
0.914235222304417
0.384619849469064
-0.00143886798447911
1.65593561239736
0.9161038658775
0.380685874552355
0.00470466495680605
1.65864191967763
0.91173923764209
0.38875595631278
0.00597125192915536
1.65191342303341
0.886648935910131
0.429211393910143
0.0103967047636455
1.61286739342695
0.893225920762163
0.419225896842688
0.0152651365243927
1.62311248639082
0.887842123370573
0.427288919318217
0.0267116379074541
1.61498032042175
0.887898537746888
0.427256527501896
0.0269061202972464
1.61510036951582
0.882780779913668
0.433668042948777
0.0417505806692693
1.60722160916682
0.87866051246714
0.43994464401114
0.0260246500341418
1.60045140380049
0.878960623360883
0.440389859586037
0.0259551477485173
1.60127373807655
0.87551456506887
0.444825954303755
0.00193237270143427
1.59542343390566
0.887084138901754
0.42950584708799
0.0102257513215216
1.61397223767849
0.894725658780132
0.41635751414422
0.0021562833932926
1.62504815236808
0.892949387592539
0.419104148155252
0.0148924930137927
1.62241749598741
0.88699884069645
0.429087453486043
0.0100807821690089
1.61358470584806
0.886786046754801
0.429474195602037
0.00984593601142074
1.61327330758337
0.876607562499968
0.444805500220341
0.000991041568131192
1.59784118496384
0.888214401493327
0.426707253914617
-0.00806496745577866
1.61515440967474
0.888468219458705
0.426812397123117
-0.00742089617563681
1.61577973885474
0.897331443138828
0.411866204865889
-0.0116165724432607
1.62899788865926
0.89460311729081
0.416783677246802
0.00241058964592505
1.62496635464583
0.914011996817655
0.382951308765043
-0.0206446819609862
1.65494856252128
0.912187936311068
0.387374412745898
-0.0105408205373002
1.65238857347251
0.908435175713359
0.394099424611785
-0.023245000707867
1.64683976405706
0.907814948764124
0.394411207870714
-0.0231030556114484
1.64552232225539
0.90378208819905
0.399513230838642
-0.042698756582363
1.63916856668242
0.911701841718078
0.385495964207927
-0.0344944077543912
1.65107590931035
0.912000945301913
0.386088833122016
-0.0340276929216951
1.6520003954224
0.916939831133484
0.376752584707877
-0.0281292756683489
1.65939491241437
0.914072486995821
0.383566653673116
-0.020389006941849
1.6553418715734
0.899598213400608
0.41015599955066
0.0123651894153189
1.63343444070933
0.893188034005813
0.41861810488186
0.014972088605838
1.62273885472247
0.894930091606316
0.41695111642478
0.00254832967475732
1.62580527472184
0.895052674904699
0.416458842390359
0.0025179290437954
1.62585013941311
0.897598388379649
0.412558921101778
-0.0111053708544109
1.62993387761974
0.902617421399303
0.405083933234921
-0.000199407930273164
1.63798188203436
0.902400133124103
0.405585050327677
-0.000463280961556305
1.63771640750664
0.90636115163223
0.398514031072087
0.00872007124849656
1.64370203348666
0.899438548725365
0.409444755879933
0.0119212257699054
1.63274733075787
0.929042831977545
0.351832007712395
-0.0275402657820174
1.67797571179716
0.926269153806963
0.35617634730899
-0.0383364215174282
1.67347720502874
0.932721036772359
0.344758020203567
-0.0402224969131413
1.68427142420103
0.933236883096283
0.344738605617479
-0.0400126910305079
1.68544080347237
0.940895129393927
0.31984888009415
-0.0377356969593948
1.69520841168275
0.934690413474458
0.342828054974345
-0.026849622786819
1.68771379916408
0.934569264659042
0.341860314080005
-0.0269866051594402
1.68709091536096
0.93063142284581
0.349388323670352
-0.0170519649391813
1.68052571669412
0.928946469690959
0.35160606789561
-0.0276854314281492
1.67768024694218
0.924901228821228
0.362985113844215
-0.0113599188051883
1.67212825827907
0.923392510391348
0.365761597016673
-0.0169202248702317
1.66977073904075
0.926226048468452
0.359678335571874
-0.0186024100924157
1.67404244514548
0.926630354435991
0.359267237138116
-0.0185278120078212
1.6748186358767
0.930392585825224
0.349393286791304
-0.0178885996667758
1.67997931026061
0.927445740095292
0.35846558869775
-0.0114401758977346
1.67630040096743
0.927248961002126
0.357925007620061
-0.0121720738439741
1.67565898338663
0.925964865093849
0.360617274556706
-0.00660325222990781
1.6736571345459
0.924976463563152
0.362575865523877
-0.01153372740148
1.67214710494319
0.923568401508976
0.361290454587766
-0.0664712680471197
1.67050763903829
0.933705769625886
0.330264814967386
-0.0732643976828129
1.68383796595951
0.92966502425719
0.351818170954178
-0.0536533987703496
1.68035643111634
0.929150218653287
0.350973433159664
-0.0539352960490974
1.67887656002935
0.926371578524857
0.356510817819545
-0.0380413544708937
1.67383035105328
0.922215634305067
0.363601340625155
-0.0481540284034228
1.66728710391664
0.922256515332481
0.363773288321687
-0.0479706393490218
1.6674430325778
0.917533590816392
0.372358596900947
-0.0559279393018691
1.6602686552865
0.923353787913708
0.361743434087231
-0.0661708979398188
1.67021640000689
0.921013953467043
0.370594115434355
-0.0220773945109966
1.66623464839397
0.917323345545638
0.376908634982267
-0.0278778047550203
1.66033984548292
0.92092090559459
0.36861786620915
-0.0336630828427474
1.66557621431639
0.921340668443573
0.368528036667652
-0.0334285075571108
1.66649420763606
0.925950155892753
0.356779336457073
-0.038355397041364
1.67294249072395
0.924448114990449
0.363463100279846
-0.0254898961062622
1.67149680479345
0.924143573333449
0.363167892730276
-0.0259747399110748
1.67069973223076
0.923361736870093
0.366101456197993
-0.0166484770034565
1.66982519475432
0.920928167880825
0.370293013268567
-0.0223819136887355
1.66592327748381
0.904112855162364
0.396446893444947
-0.0717590597053291
1.64027694318086
0.909450142100616
0.37485819411342
-0.0984109110999603
1.64636210433067
0.914870121462089
0.375785687579446
-0.0731491268612048
1.65658827820994
0.914764354871655
0.377951385435884
-0.0730084896683147
1.65723477043096
0.91726078789058
0.371735036521022
-0.056324138248547
1.65940723231769
0.9110191803652
0.384604366245335
-0.0520744952139565
1.6499422133392
0.910908239400205
0.383352201282134
-0.0528302286347268
1.64921094393918
0.90291866689101
0.400251400359733
-0.0431835794967992
1.63748748707026
0.90447831433974
0.396672388645988
-0.0707196827588372
1.64122509950301
0.883481606560116
0.431843327650001
-0.0595153646883162
1.60876229773003
0.884486562329063
0.41847931271206
-0.0925666317378869
1.60779326024837
0.894600446408093
0.413609361780166
-0.0664208621467428
1.62584648221955
0.894312270404253
0.413210795961059
-0.0651573730074648
1.62495161875716
0.903789181031007
0.399436231703633
-0.0429485497286309
1.63914431292166
0.892847304952871
0.417701415580216
-0.0420444706554794
1.62232577950302
0.893338673397606
0.41682830754142
-0.0418438113027878
1.62305995245537
0.884872287789165
0.430318090275181
-0.0378395715042304
1.61008838303619
0.883842490801945
0.430575092246496
-0.0586570533283194
1.60900940256755
0.919830632255061
0.372692997941603
-3.26848414019722e-006
1.66405292724912
0.919399881944969
0.373417682895757
-0.00307046169347249
1.66334492916758
0.921181993644422
0.370198323249725
-0.00185552674184808
1.66621242171905
0.921118111412532
0.370086056335855
-0.00142634254078463
1.66601782448519
0.922036009305855
0.368715679180026
-0.00021247066837777
1.66763982486761
0.921210898278531
0.370170728910628
4.56728839662525e-005
1.66627348359044
0.921341847014377
0.36990645650541
7.92215598840008e-005
1.66647344831351
0.920619200362848
0.371287421654685
0.00262146159692406
1.66533290976477
0.919904291552514
0.372459372397199
0.000232546801939185
1.66413163024731
0.921822722650719
0.368888567426723
0.0046988877348443
1.66719206589956
0.920641905174538
0.371046559315141
0.00279724327823876
1.66529044326593
0.921844952692786
0.36887507534217
0.00147326775764056
1.66723987493262
0.921834498899298
0.368787054339237
0.00164460424170309
1.66718088450407
0.922482993800326
0.368039974140275
-3.11488593227582e-005
1.66841694107371
0.922987591965148
0.366560246601995
0.00257119691444484
1.6689930953161
0.922987168059927
0.36653973849594
0.00245266389746023
1.6689839445646
0.923356364949939
0.365724558411793
0.00594907015224137
1.66952918968898
0.921853740500415
0.368673185145974
0.00477333066908011
1.66717996949208
0.922273348449317
0.368285612337316
0.00906249779061408
1.66803034407457
0.920280384060682
0.372260417914358
0.0124700537249759
1.66500946772812
0.920297810436909
0.372319298764021
0.00693735735299434
1.66501660824008
0.920388154820857
0.372060074342037
0.00664056858698806
1.66512164281408
0.920751895505978
0.371327255638171
0.00267805165856387
1.66565989751809
0.922026845421658
0.368723354206574
0.00468623875564217
1.66760274869526
0.921928669620956
0.368925910654018
0.00474636929048363
1.66745569568545
0.923551425000008
0.365582859070261
0.00590674813262041
1.66992877808516
0.922208849208341
0.36837150941125
0.00885712456934042
1.66791574067659
0.925734159238888
0.360751453383528
0.00362714495368757
1.67314178452884
0.926518889554808
0.359176415460486
0.00646211237545794
1.67438608504709
0.925028184852643
0.362118818069684
0.00646794879157391
1.67203268482006
0.924977153022544
0.362381213228358
0.00648271458863265
1.67201416741124
0.923386192375517
0.365513644352049
0.00596429301541608
1.66951724233354
0.924415683092641
0.3636102531268
0.00297799917186602
1.67117206957313
0.924436054592405
0.363413314601741
0.00305926364810364
1.67114459761288
0.925385656546066
0.361792045941464
-5.28978562284814e-005
1.67275151706607
0.925745452595546
0.360848347288459
0.00366530977743398
1.67320624581911
0.901871363608326
0.405254622188061
-0.000616205625973762
1.63634325335853
0.897541415965047
0.412274796585862
-0.010796751770243
1.62966390877079
0.905086941613048
0.399178054202374
-0.0124191102413187
1.64111957838255
0.905318074567797
0.399448650699802
-0.011422112262649
1.64175971971145
0.912245087477564
0.386775927569003
-0.0111263910029908
1.65227526577351
0.90846358284099
0.394033553522485
-0.00231846047591631
1.64656983545869
0.908729254210034
0.393528644112725
-0.00232714883203809
1.6469650013794
0.905518778101736
0.398873454828574
0.00845220492750916
1.64192201073238
0.902110756685099
0.404795595064971
-1.1476027986462e-005
1.63669083832555
0.89095399352569
0.421984658892656
-0.0238781562630783
1.61941786007144
0.88546170011243
0.430385931429162
-0.038476934073613
1.61150120621005
0.893054128985479
0.417199601037506
-0.0421755064385366
1.62262322014775
0.893602915735743
0.417459127258456
-0.0425527307067999
1.62398946400944
0.903392857175055
0.399826502425266
-0.043741370954902
1.6384682613649
0.900083612248977
0.407244743731703
-0.0250310900020372
1.63345930271136
0.899849006217355
0.406917154674457
-0.0254581088176895
1.63279885064977
0.897303238013033
0.412259891290045
-0.0111727754587151
1.6291027189047
0.891368662207568
0.422142802238446
-0.0241187645770389
1.6204479273416
0.88903843276732
0.426925174307158
-0.00702627011956183
1.61712223338101
0.876312794170499
0.445111397093677
0.000946398536604292
1.59727971569456
0.880390156378366
0.438194956770249
-0.0228589548707449
1.6033436770382
0.881115543212207
0.437880728850031
-0.0227519943696479
1.60478610975814
0.885113188975537
0.430323790392722
-0.0381792610445078
1.61067483271085
0.891538209846652
0.421716094856308
-0.0236983265790227
1.62062507233981
0.891063048240338
0.422182847496258
-0.0240076532914008
1.61977927581621
0.898046725269294
0.411993330892436
-0.0107935140943533
1.63067553142549
0.888494709167314
0.426860264281853
-0.00743711287290351
1.61584803223126
0.879893051579304
0.437191696968903
-0.0237053703094038
1.6017233177315
0.875838142729933
0.445535010259465
0.00139401392189069
1.59639709621965
0.867010547700624
0.456764923826979
-0.0229328040805763
1.58293782217932
0.866830549431081
0.457456944310952
-0.0233817573081659
1.58281789639035
0.859801498923107
0.459108313121468
-0.0538708947104901
1.56971937229523
0.874135339089737
0.444793368167607
-0.0462416344230935
1.5935372421024
0.874438570143744
0.445630920281867
-0.0451138793360703
1.59460759495866
0.88476861615101
0.429482954414092
-0.0386579101482858
1.60949675928034
0.880415997361089
0.437944536576137
-0.0223730408951323
1.60321705364025
0.895359207572445
0.414937821864133
0.026572555991778
1.62622138729267
0.892770392190946
0.418702719423635
0.0154359634686407
1.62183486913564
0.899064347012099
0.410251533575251
0.0118979857199303
1.63225501613301
0.898881908291942
0.40951938982984
0.012584734363581
1.63151259835572
0.905786866076564
0.39868342119375
0.00807730537785273
1.6424537865841
0.902699965719866
0.403100754004105
0.0225570217947776
1.63754605796186
0.902930646279516
0.403603049100741
0.0225538864699354
1.63831627135241
0.89975061123722
0.406754929302202
0.0442691518468494
1.63317674030723
0.894952998683119
0.414352322191905
0.0274763730652262
1.62506454858076
0.917880577178423
0.377227573132869
0.00947810665773498
1.6613959531935
0.920377812987469
0.372160841908845
0.0127641993135622
1.66519412785435
0.917565108897242
0.377549224804939
0.0170893452010993
1.66090300533806
0.917735112668278
0.377449603681989
0.0174519815149315
1.66125230868947
0.913700582803857
0.384433572828789
0.0231184757660197
1.65491126133853
0.914409273226668
0.384108247459459
0.0127954501016078
1.65621170218716
0.914503605130415
0.38351702426003
0.0123343052420529
1.65617865402395
0.915915427707703
0.381212718382659
0.00467711092302837
1.65842876956568
0.918090052199322
0.376784586573025
0.00943346274740313
1.66169688896899
0.91544266216084
0.375269820816149
0.072994166361982
1.65769287622771
0.912288340577733
0.373482360732724
0.0993300284409377
1.65211693941725
0.904248902383094
0.395959898942197
0.0739064764486462
1.64068141437632
0.904241052098484
0.395104905697186
0.0722350150684585
1.64014829496045
0.900203275922438
0.407261854541159
0.0452863827094458
1.63451697494459
0.910419870874138
0.388765261582432
0.0521691473626506
1.65025846943735
0.909631159880126
0.389857671878452
0.0520771079242384
1.64895146898503
0.918009627698106
0.373765618771521
0.0528961665697175
1.66172809419009
0.914697057444185
0.376058528928175
0.0719884587948682
1.65625595489781
0.909150474632297
0.392430361862927
0.0169828829777767
1.64762324106929
0.905674176319926
0.398360155067934
0.00909854161701584
1.64207539513398
0.91141702821982
0.389004730360006
0.00582337168795802
1.65126519784965
0.911346844687989
0.388699617343522
0.00658356994577257
1.65098360323189
0.915741438608042
0.380857563417132
0.00429517809635515
1.65787001865154
0.914039189367117
0.383903128595458
0.012624841188894
1.6552574693822
0.914173616950651
0.383799456946679
0.0122846480352433
1.65552218238636
0.91317438126963
0.384827188915768
0.023520638173003
1.6538549566883
0.9092292958788
0.391822916655679
0.0174179577186403
1.64756466188977
0.917660863322154
0.376039631782866
0.0276118712565818
1.66075564528854
0.913277095451841
0.384140638460036
0.0238213628576396
1.6538226841758
0.917199085165541
0.377778820370473
0.0170908327006618
1.6601364434589
0.917232176411432
0.377285233059905
0.0176532927941855
1.66002952551839
0.919974405148817
0.372414431279987
0.0125104921863114
1.66435317181467
0.920560752079867
0.371045311707903
0.0203674221010337
1.66530816955756
0.920548458033329
0.371022412298557
0.0200769889173433
1.66526211102081
0.922190587186325
0.36689619075978
0.0290816509357865
1.66769558034836
0.917750654170448
0.375306305201729
0.0277399229815882
1.66068013751694
0.903292003095373
0.402346647997169
0.0222278276527118
1.63857773121551
0.906077047361676
0.39929484889409
0.00865969092087383
1.64340948348114
0.90999408223736
0.392032816703641
0.0170888549336613
1.6493987535521
0.909574895252762
0.392812088398963
0.017184654884042
1.64878088717608
0.913973523639196
0.384341081032265
0.0235871252313432
1.65550061424531
0.90846661970588
0.392835932802555
0.0314780599965452
1.64660881612618
0.908970824698748
0.392473857077221
0.0316651075441608
1.64757480167702
0.900563976894515
0.406126801368792
0.0438725337755532
1.63478083719557
0.903171010856211
0.403674548620058
0.0229718152363842
1.638906130349
0.874993451973173
0.443879337239975
0.0506806678635958
1.59519169580252
0.862689808950952
0.457506811600917
0.0610253404045215
1.57560078076826
0.866794179992602
0.456403619867599
0.0288530066558669
1.5824247517348
0.86785703246131
0.455619125889668
0.0276674535368492
1.58432473670031
0.875719009592558
0.445577685441706
0.00106106158616495
1.59624056989187
0.879477001358345
0.439986932563741
0.025841201766384
1.60223069301955
0.878795610672065
0.440738309646798
0.0256666537529995
1.6011260195315
0.883254759529425
0.433034440774189
0.0415579589803999
1.60797352860318
0.874676131942194
0.444210027827564
0.0498214829171088
1.59465359747654
0.890289977451968
0.422523738573556
0.0447250113514123
1.61895408804718
0.883194349848153
0.433614546684621
0.0412962875456643
1.60812798069376
0.887463106620764
0.427380900827003
0.026868706732565
1.61417752332697
0.888235499720078
0.427149377088739
0.0265712947642888
1.61581847663014
0.892949289937589
0.41920768706381
0.0151031228179477
1.62246906232588
0.895793595322734
0.414725222568578
0.0269839982883223
1.6271180487442
0.894992798579464
0.414808026768402
0.0270572921275753
1.62534122984181
0.900401097117064
0.406401439965726
0.0447791547389651
1.63450124443135
0.89088676374151
0.42287043474148
0.0443069242091881
1.6204858186673
0.894053688242529
0.412988967781648
0.0705809420159662
1.62469182453626
0.887046461148541
0.417452519900883
0.0956699977082463
1.61315572523455
0.88273763599166
0.430901878451263
0.0643336160722329
1.6071015273242
0.883206180869829
0.429970970313884
0.0641473024370773
1.60768232476196
0.882770887832295
0.43376483012212
0.0417274814840011
1.6072698440964
0.890639151179325
0.421498823306703
0.044821188110403
1.61928528473077
0.890240344859838
0.422346847136959
0.0453022636234061
1.61882970981404
0.900880849454222
0.405983190352984
0.044496927898976
1.63541043475154
0.893197802947494
0.413402093906001
0.0700315398071502
1.62290613666503
0.923997555843289
0.364333877087369
0.00994108910439802
1.67051153377469
0.92529975612828
0.361557005742982
0.0147475143690247
1.67253976167174
0.922678727501891
0.366644576095769
0.0146662859724384
1.66840052103434
0.922598482418485
0.367102361320684
0.014648754864319
1.66839059334238
0.920022934751724
0.372023265959746
0.0129036295382009
1.66431804835238
0.921990410702768
0.368484170761979
0.00889676085873898
1.66744740648844
0.922030079100708
0.368185533194667
0.00915054054855422
1.66742612892981
0.923352229310797
0.365738902402744
0.00580355542180268
1.66952404751562
0.924016560362203
0.364328415373378
0.0101142894414427
1.67055656798637
0.923714922577629
0.361443351863383
0.0501130659073265
1.67002536684538
0.917143570712834
0.373660944112252
0.0527800358440605
1.65970116619055
0.919698682535776
0.370282346350953
0.0384578831795995
1.66356356182445
0.919877923079259
0.369658937362209
0.0390436625017187
1.66377477545717
0.922126392556467
0.366751888727618
0.0287686211502091
1.66747569792152
0.925146110775961
0.359717593901417
0.0380034748710033
1.67213437249607
0.925128420745335
0.359412682765867
0.0376402179636369
1.67195419474797
0.928420164861035
0.352327974054456
0.0455684656848308
1.67735545586064
0.923817032584773
0.360754491168102
0.0499500076536261
1.67000189669608
0.927777033755181
0.356206578088719
0.00242542205307436
1.67618284959151
0.931487405055104
0.34864371991419
0.00362102699243608
1.6820655446907
0.927456533426167
0.357080567834585
0.00694086497729361
1.67577536092364
0.927576042540201
0.357160627078217
0.00695180194042159
1.67608718776425
0.923320100608587
0.365615155926311
0.00386333961907289
1.66939629596526
0.927331231941201
0.35796023078321
0.00235864816501841
1.67580839159395
0.926789400993712
0.358071813475935
0.00290599946967426
1.67457782206806
0.927555532158526
0.357077908853786
0.00205215643329762
1.67599308464321
0.928280939683205
0.356138192914109
0.00292076940408181
1.67734221207628
0.927586162898333
0.355949207117255
-0.000938571432218999
1.67566028032844
0.932847212855253
0.349857978745245
0.00236577692195893
1.68573018719982
0.926776542527461
0.355585232083713
0.00313123717262924
1.67358929245912
0.928129372889509
0.355661903517701
0.00297642322262818
1.67680251832213
0.927412682972572
0.357223738386347
0.00228087718945384
1.67571318830043
0.927689109333714
0.356301030325479
0.00130629652363921
1.6760125284786
0.927817821468504
0.356757915251508
0.00133827857672737
1.67649165627647
0.927490950051284
0.357219805376399
5.72591297155383e-005
1.67592604874253
0.928198121355588
0.355500023483826
-2.85519464558581e-005
1.67692807172033
0.924047565063304
0.364919030707487
3.21072950992017e-005
1.67084222915925
0.92548051822347
0.3616816991792
-9.87307329604927e-005
1.67293008215613
0.924489629463158
0.363439320774754
0.00304551180169143
1.67128023002145
0.924538261379767
0.363452849857353
0.00305148408529953
1.67139748496769
0.923502916396309
0.365653546338967
0.0057873367809929
1.66984461813822
0.923061508703257
0.366568676086509
0.00257312357006453
1.66917028514383
0.923118501778357
0.366513334485436
0.00251616732747195
1.6692815554751
0.922431355331491
0.368065730656641
-4.53213647888776e-005
1.66830603103957
0.923982350163695
0.364867507989833
-5.49908481730629e-005
1.670667740446
0.927207178404047
0.35773851001555
0.00129406638613998
1.67543410864177
0.927305565550288
0.357488484676221
0.00256254517472909
1.67556424902199
0.926599967095611
0.359001198873814
0.00202763039150846
1.67449567502188
0.926480574878193
0.359026477828762
0.00210029923845044
1.67422402295075
0.925550908888154
0.361697264435648
0.000171765285727684
1.67310372093936
0.92670538929093
0.359075206164153
5.61791735182835e-005
1.67479584770937
0.926729809494763
0.35899871319923
3.67429504491006e-005
1.67482396264074
0.927512480004941
0.357378978637297
8.21816098449011e-005
1.67603798213503
0.927158915773949
0.357686729433423
0.00130014739856978
1.67530060767952
0.927482612246209
0.357066108183582
-0.000201482610101607
1.67581673752245
0.927486930624554
0.357407657109841
-7.2328027608512e-005
1.67599427020469
0.927432099609043
0.357720916522568
1.76196904700287e-005
1.67597434479956
0.927435255945362
0.357730490164316
9.23142109978927e-006
1.67600178298316
0.927229539355405
0.358084451668382
-2.84046964086782e-005
1.67567592947034
0.927425231447747
0.357234215156534
-0.000236122414513296
1.67572278404206
0.927431935494839
0.357263238439855
-0.000203072426088447
1.6757354224728
0.927457140930556
0.35713111045415
-0.000289895620676237
1.67582720208111
0.927472836529968
0.357063620976706
-0.000172353834365667
1.67579714943541
0.927591401568019
0.357314702793633
-0.000226210179445341
1.67611740830197
0.927457286633882
0.3568555489407
-0.000110427871131481
1.67579892862027
0.927532979702984
0.35733743727751
-0.000192088933506869
1.67599898779026
0.927518888758383
0.357085780871598
-0.00014681885043224
1.67588801624467
0.927474869787641
0.357278358729691
-0.000118390244597381
1.67591352107088
0.92742636529768
0.357079148727139
-0.000201732067521066
1.67570549204736
0.927452793048306
0.357054179496985
-0.000195130097584878
1.67576751306229
0.92745563685493
0.357122041942111
-0.000302643861855593
1.67582431012645
0.927514585489308
0.357261808956954
-0.000238454457886379
1.6759616904692
0.927175465343429
0.357816025986527
-0.00102952317099288
1.67537029591648
0.927533477842294
0.357201705415551
-0.00079671518404071
1.67601625225859
0.927346780312837
0.357462769345473
-0.000456450971044912
1.67563312262999
0.927329656845881
0.357414244406206
-0.00050205238273896
1.67557601549647
0.92725898847452
0.35812874437053
8.7388393108209e-006
1.67574891200737
0.926954838485364
0.358676423813457
-7.09866858338235e-005
1.67523675624201
0.926985945049918
0.358737064062404
1.78156511041162e-005
1.67533172388905
0.926437644612969
0.359711064446992
-0.000133199049819038
1.67441624259713
0.927135380165215
0.357769215266906
-0.00106066300202294
1.67526388773872
0.924637901655534
0.363326695890291
-0.00297302235843843
1.67157092672441
0.925722345524086
0.360480641939007
-0.00669304451916247
1.67303169097488
0.9259413140313
0.360245737750112
-0.00276542640339408
1.67343506850425
0.925859630673846
0.360384603367528
-0.00276858052670361
1.6732954836627
0.926422441277053
0.359777451648063
0.00020953650013856
1.67440220738698
0.925457430179206
0.361824519783944
0.000177070541060046
1.67292803503872
0.925507577980353
0.361643229220344
0.000132535542324203
1.67297865446609
0.924012628105366
0.36460397830144
3.91687928556811e-005
1.6706379220559
0.924623951856131
0.363156182236446
-0.00306888767750573
1.67147872911012
0.922764933894282
0.366924457073327
-4.70242932118168e-005
1.66863118825906
0.921891552304175
0.368915611641222
0.000103239172860145
1.66738139245502
0.92225190053109
0.368395311583608
-0.00235928885211745
1.66799990106584
0.922074078540735
0.368306044823258
-0.00237431749111909
1.66754632009366
0.922366441968635
0.36773284630724
-0.00560116895210369
1.66800819799098
0.923272214000935
0.365863507133903
-0.0029200226669788
1.6693835511787
0.923309870031271
0.36599813630712
-0.00289026880143296
1.66952501144081
0.924001839715756
0.364538611645167
-1.11687885033033e-005
1.67058510696153
0.922837575160891
0.367059587233594
9.61636875903117e-005
1.66885326589603
0.921947521513583
0.368816680487848
0.00156712965958406
1.66745654555682
0.920841009903876
0.371120845375375
0.00248235137460663
1.66578501879549
0.921344380512631
0.370044043119413
0.000161234488647081
1.66653501585075
0.921554202129786
0.370004894493117
0.000100165194098436
1.66701025538529
0.921827321212694
0.368880542728903
-0.000363510938189925
1.66721808390959
0.921766924951976
0.369307868685633
-0.000116882212949306
1.66724882773713
0.921643102806995
0.369468848538819
-0.000171559130593854
1.66702315911494
0.922456125459174
0.367995695293272
-6.14418737391544e-005
1.66833621060052
0.922041721679317
0.368880689022098
0.00152877679986039
1.66770300724656
0.927450294872052
0.357991690412963
0.00144838011675891
1.67609987819846
0.927691962951714
0.356916548516249
0.00226792542394509
1.67625178055457
0.926964040934062
0.358539138635222
0.00298083111321525
1.67516853476011
0.92837176513406
0.358623021209357
0.00313437759114888
1.67850898320993
0.921896422908738
0.364266185790654
0.00245576940270337
1.66552737861721
0.927674532335515
0.357915499849709
-0.0010357666274855
1.67662871056226
0.926923516356186
0.358387510475465
-2.85486583371648e-005
1.67504561748158
0.927737547267544
0.356428617511731
0.000110609042344622
1.67620509062074
0.927314650975039
0.357555325765365
0.00149481053730179
1.67561335301781
0.92898253980419
0.353888713261588
0.00224990734003702
1.67815053642756
0.928521426738809
0.355282374017882
0.00347796252722074
1.67758880099632
0.928281875915461
0.355524061598237
0.00172844827476615
1.67711973290702
0.928376824002174
0.355605712711703
0.00163957648852228
1.67737494182438
0.927722499753118
0.356299806312376
-3.17420910457477e-005
1.67611964437668
0.928389070378178
0.354735855496277
3.55158948353552e-006
1.67708905391172
0.928422491223276
0.354878813978465
-6.98258139549436e-005
1.67722143156561
0.929454354341849
0.352142875432403
0.000102310417107993
1.67861103911489
0.929097116687954
0.353976110065218
0.00214146352607275
1.67845309071085
0.934337361113043
0.342515023596465
0.0108509033077737
1.68660040703415
0.933484601535712
0.343082245074476
0.00160427639896052
1.68473621742798
0.935958353188273
0.33691918433163
0.00496492869640164
1.68835619039421
0.93624511049628
0.336721250660344
0.00463006923311397
1.68894968665818
0.939193226846662
0.328996861944385
0.0128017136560108
1.69329639425908
0.937198167565304
0.335378427239486
0.0178832374333287
1.69089524328374
0.936672850144809
0.335387228742599
0.017815420904022
1.68965011345048
0.932384452777612
0.346555336036554
0.0231392264512248
1.68368002792287
0.934015906973355
0.342454250362788
0.0110947864840293
1.68581679073415
0.930182388931136
0.346859907843242
0.0578682822304959
1.68010550168657
0.928431646212449
0.351585516116858
0.0452851619464435
1.67708292942249
0.933974316323466
0.339620786175879
0.0462606404014891
1.68573235938907
0.933458463280635
0.339512323769127
0.0461283146157813
1.68447522524801
0.94115616982235
0.322176744757961
0.0451742237415397
1.69655389784469
0.938482669770269
0.32675860985467
0.0607055894055089
1.6926641280773
0.938326286105907
0.326498481335124
0.061153649993028
1.69219741237221
0.933164030721128
0.336450198637669
0.076801533936557
1.68467198364591
0.929395006096744
0.346642976674749
0.0580628923735062
1.67816787757439
0.930930133913681
0.349069752518443
0.000107384891753162
1.68092521914001
0.933162149102583
0.343329021160798
0.00164685002018048
1.68406730954844
0.932060973330754
0.347823225535153
0.00619104877049871
1.68313956402579
0.931693520003891
0.347799596561244
0.00624042048214859
1.68226625088527
0.929873688300834
0.352469234316444
0.00867072227854785
1.67973681579414
0.930229624036543
0.351216741429022
0.00355946804622852
1.68008012942777
0.93030631263767
0.351356390418991
0.00350440025145289
1.68031440497427
0.929576327461353
0.352189327054918
2.058626591757e-005
1.67891570245704
0.930838864477079
0.349042193522357
0.000300496596884681
1.68070383539936
0.941581499999665
0.322878284295533
0.0257881969336741
1.69706917843834
0.941145940145501
0.322642327683176
0.0445860149809817
1.69667918321669
0.935616590227436
0.336709702965
0.0318788394708353
1.6879663864023
0.935982797311975
0.336820854266658
0.0317363022741985
1.68889081313171
0.931731345150815
0.346775002623632
0.0226438863690982
1.68220106251939
0.936889952243245
0.335415944908802
0.0174460740850245
1.69015757605012
0.936604961385108
0.335648773517189
0.0176661059457105
1.68956987029325
0.939711775195733
0.329027911136003
0.0124837491343771
1.69452864795895
0.941165802788201
0.323628483895988
0.0257572291296259
1.69636724500982
0.927523460350851
0.356326737976804
3.61037251464734e-005
1.67585615116659
0.927443599723553
0.356726141652084
-4.74491972170982e-005
1.67575432389746
0.927640001525336
0.357201577805853
-0.000299494399919536
1.67617667577292
0.927627326613365
0.35717398541348
-0.000267226438438141
1.67614316691632
0.927516097549191
0.357202945481438
-0.00073539586047273
1.67599320121569
0.92776269533439
0.35689204547099
-0.000501793804542716
1.67635476545546
0.927825903724848
0.356871267220696
-0.000500724999900983
1.67648439269519
0.927796283065869
0.355767898503963
1.17063750497225e-005
1.67628697129866
0.927520442885798
0.356337847624645
3.72406096915318e-005
1.67584110174464
0.928183288988432
0.354887805757239
2.38065222654593e-005
1.67688697430867
0.927783127638635
0.355741908215074
8.00142613480107e-005
1.676252417276
0.928146564751125
0.356139787193577
-0.000982019885088549
1.67696237649427
0.928104599468174
0.356133141097851
-0.000934320235989193
1.67686941802431
0.927905328638668
0.356481735304521
-0.00271816716097927
1.67664110483157
0.928600975352713
0.354874816084133
-0.00159742860237373
1.67756482914702
0.928722905224977
0.354956336859806
-0.00162943910123039
1.677854704661
0.929021515876243
0.353002295500726
-6.44538283039022e-005
1.6781925112058
0.928084029200098
0.354854099841184
0.000136770783953745
1.67665583098876
0.930864504712253
0.350608408607514
-0.00493699261519973
1.68122532847206
0.933299830116029
0.343141115426042
-0.0016735630428993
1.68470693148016
0.930060141216783
0.349307860767905
0.000294477878588645
1.67931795608347
0.930273859379293
0.349829384779201
-0.000228872088096066
1.68001418579908
0.92887393632072
0.352746153912338
9.00424853490436e-005
1.67776839706654
0.929673577806086
0.353201570155193
-0.00263824385018913
1.67940207215907
0.929525030555084
0.352974353517482
-0.00249338343365929
1.67898398397161
0.929344154151176
0.352300566604681
-0.00607895626700442
1.67851175025379
0.930843507438513
0.350371327849449
-0.00495495203470396
1.68108550799429
0.935961351328774
0.336239119218447
-0.00543399923902081
1.68853620747281
0.933386617869782
0.34193234295969
-0.0015888096719079
1.68447618059825
0.932646615854972
0.346231811270417
-0.00960375591746728
1.68382991836104
0.932669746481951
0.345415396649673
-0.00933395445037036
1.68362096133746
0.930407548936315
0.349274933333206
-0.0178914670582458
1.67996968393776
0.93537305710324
0.340391741509848
-0.0161704385332587
1.68828150164448
0.935361191536792
0.33904433461485
-0.0165053099380933
1.68778536025334
0.938733493799462
0.326923780243815
-0.0125361938657834
1.69200059956859
0.936515747986177
0.334548561635002
-0.00488874667802959
1.68926358357432
0.933769565112883
0.342500307563558
-0.0272999577967562
1.68542893107409
0.941419709195521
0.319862305189906
-0.0378582046077294
1.69644888378694
0.94119407815795
0.322067233871246
-0.0236290178945604
1.69627491422954
0.94067525251148
0.32206098903269
-0.0227927247147338
1.69501709148683
0.939352943555673
0.326830582694655
-0.0131596792934399
1.6934199141004
0.935274579066623
0.339493908011206
-0.0163975727301298
1.68775402560683
0.935925022792031
0.340281541150031
-0.0169437014276472
1.68955712371653
0.930220382014933
0.349530231717306
-0.0176108018280854
1.6796058188457
0.934763919660681
0.341735974333846
-0.0271646218921739
1.68749658864324
0.915611835331814
0.376529945757961
-0.0729631002261603
1.65854636404772
0.910230245336974
0.373298976140398
-0.0990207212288757
1.64751585067029
0.924776822387928
0.347824294568673
-0.0907500384352223
1.67070903245799
0.924955520568237
0.346669670256521
-0.0895487114478884
1.67056406387408
0.934482494663001
0.330069812523466
-0.0741021235738454
1.68565633768986
0.923158466494408
0.361341633537898
-0.0666044651206235
1.66958317656078
0.923983887872211
0.362029332165739
-0.0669473461628894
1.67185733305248
0.917481402317716
0.371972266836998
-0.055948186795573
1.660004555154
0.915735689314799
0.377308424032032
-0.0736025982769778
1.65922374129745
0.867175928437659
0.45737390981611
-0.0234466321547084
1.58364304760357
0.876954819200862
0.444718946222927
0.00180505866681114
1.59850244153264
0.861360580870367
0.463929027571413
0.00363721177151364
1.57390634071629
0.861615564166004
0.465373641732163
0.00398098280066248
1.57519795930098
0.851197539900395
0.47287059241849
0.00574830139105226
1.55661487064172
0.851939042286297
0.470805615917208
-0.0259155786401853
1.55746019851273
0.853353453942928
0.469506541624931
-0.0258183879285243
1.55979639031901
0.859129418952948
0.459699611863194
-0.0539943941570005
1.56856282369684
0.868460288746361
0.456859270712703
-0.0234966187110654
1.58614627364168
0.928585504190669
0.351386777770949
-0.0540904694038366
1.67764964842937
0.934301100115778
0.330115141119854
-0.0735208920439669
1.68519954926161
0.939881559999275
0.321199796958616
-0.0556492651028502
1.69412055419787
0.93956110288681
0.321810657274899
-0.0552054885155527
1.6935437616295
0.941733062066501
0.319374604992813
-0.0383504909701222
1.69706719186713
0.931970253092408
0.345394876401814
-0.0402161908669602
1.68268655495577
0.932976375146866
0.344910288530058
-0.0405255398532302
1.68493023695414
0.925823953987688
0.356234205063268
-0.0387218465174699
1.67248479181554
0.929330380966343
0.350967015964182
-0.0539940223055599
1.67927508891701
0.898861276864885
0.394909523402772
-0.0991980514972422
1.63050893120413
0.909484889225566
0.375655654130059
-0.0997180318758637
1.64689741781275
0.905224318462736
0.395735672555824
-0.0712261197438354
1.64250727686632
0.905146338145067
0.396832885347811
-0.0718176019075816
1.64291218825847
0.903616095461719
0.39980791618213
-0.0424863478948769
1.63888077253982
0.895446895980967
0.412730309707858
-0.0662382122004937
1.62736483514241
0.894861308568991
0.414444029643066
-0.0664095064264374
1.62677053741451
0.885911711419644
0.417398866695369
-0.0930806810006831
1.61051979956408
0.897330286997068
0.396817688158992
-0.100314155185894
1.62797254483864
0.874244720877713
0.439787324407676
0.0828694130516766
1.59386227504458
0.862680090445063
0.45683166556668
0.0621324102939249
1.5753540752149
0.873045950085019
0.444496898240616
0.0499615996617514
1.59117040464879
0.873798214195592
0.44401722813667
0.0504683264232399
1.59265725465075
0.882316363673392
0.433417564724671
0.0409849202294599
1.60603277953659
0.882971114976016
0.430112722342012
0.0645343458010661
1.60721820299456
0.881560021881908
0.430218369686926
0.0636497062175652
1.604071538974
0.8875032228581
0.418035106228991
0.0958280453601177
1.61442319128348
0.87480085651718
0.438382240791073
0.0830333416127901
1.594555720482
0.875843208129786
0.445696092612096
-0.0455021108134505
1.59771985299846
0.860668221903469
0.458105385279392
-0.0542719522938416
1.57105739837751
0.87088037403707
0.44092553889187
-0.0782372468245985
1.58677256429122
0.872685056800202
0.439108650211948
-0.0781351139715227
1.58983492321364
0.884158812840638
0.419084283351151
-0.0934722612340598
1.607423645896
0.884749146643913
0.431296057719197
-0.0594800852361043
1.61138259665248
0.88432229766675
0.431405866710474
-0.0594787803166988
1.61055919265529
0.885428439969782
0.429481098786152
-0.0377323533190991
1.61095169425037
0.875258918076471
0.445571956364429
-0.0459262952966555
1.59641101402623
0.854913699853632
0.469714252754662
0.0347784936302505
1.56357299569695
0.850348419713876
0.473425757190658
0.00617736489183553
1.5551092065785
0.85972636700366
0.465143219944147
0.00319217185313509
1.57098680732843
0.859924953982531
0.464268622199684
0.00436047631195179
1.57095461421234
0.875626999175013
0.444869529495828
0.000518532128054374
1.59564737042737
0.867148737906577
0.45641733517511
0.0281554448931331
1.58313105624981
0.86631010267992
0.455824088143697
0.0285733189889841
1.58104345351441
0.862545304764565
0.458379839368683
0.0609418000329877
1.57568081626892
0.854497421271861
0.468692360032933
0.0361829063527407
1.56225117235972
0.914567769272046
0.375575418870244
0.0724123036579158
1.65581048385203
0.916851440854757
0.374387151331528
0.0520874052580197
1.65924759711586
0.923229079114948
0.359656230057509
0.067224594004347
1.6692386491127
0.92262176433217
0.359239541986937
0.067201534584916
1.66765905724825
0.932765506580986
0.336704367441798
0.0772826940389084
1.68381725633936
0.92497114209563
0.351653328089326
0.090082420329345
1.67218831037677
0.924475364583522
0.352295779569323
0.090755286033857
1.67124853473053
0.913492150954601
0.372896385370017
0.0989804198657981
1.65469068440524
0.913460423148431
0.376026810227912
0.072577833228028
1.65339978162879
0.900994080158736
0.39471932595876
0.101095316409823
1.63514861015627
0.888261575553676
0.41680261218071
0.0954434330816566
1.61565495276124
0.891805533148946
0.413951540881603
0.069754110783347
1.61999023026525
0.893336674308153
0.413402468065277
0.0696761154692969
1.6232323464372
0.89932252709761
0.406660084733343
0.0437454193031207
1.63212461610525
0.903835363499491
0.395624881734477
0.0725786912182021
1.63944472223965
0.902873806828082
0.395365544454992
0.0731900870982782
1.63720039121675
0.912628391351957
0.373928998338174
0.0992533237973107
1.65305588654572
0.901674050227364
0.393834728056187
0.100429266962682
1.63639253081217
