1 2 8
2 9 8
2 3 9
3 10 9
3 4 10
4 11 10
4 5 11
5 12 11
5 6 12
6 13 12
6 7 13
8 9 14
9 15 14
9 10 15
10 16 15
10 11 16
11 17 16
11 12 17
12 18 17
12 13 18
14 15 19
15 20 19
15 16 20
16 21 20
16 17 21
17 22 21
17 18 22
19 20 23
20 24 23
20 21 24
21 25 24
21 22 25
23 24 26
24 27 26
24 25 27
26 27 28
29 30 36
30 37 36
30 31 37
31 38 37
31 32 38
32 39 38
32 33 39
33 40 39
33 34 40
34 41 40
34 35 41
36 37 42
37 43 42
37 38 43
38 44 43
38 39 44
39 45 44
39 40 45
40 46 45
40 41 46
42 43 47
43 48 47
43 44 48
44 49 48
44 45 49
45 50 49
45 46 50
47 48 51
48 52 51
48 49 52
49 53 52
49 50 53
51 52 54
52 55 54
52 53 55
54 55 56
57 58 64
58 65 64
58 59 65
59 66 65
59 60 66
60 67 66
60 61 67
61 68 67
61 62 68
62 69 68
62 63 69
64 65 70
65 71 70
65 66 71
66 72 71
66 67 72
67 73 72
67 68 73
68 74 73
68 69 74
70 71 75
71 76 75
71 72 76
72 77 76
72 73 77
73 78 77
73 74 78
75 76 79
76 80 79
76 77 80
77 81 80
77 78 81
79 80 82
80 83 82
80 81 83
82 83 84
85 86 92
86 93 92
86 87 93
87 94 93
87 88 94
88 95 94
88 89 95
89 96 95
89 90 96
90 97 96
90 91 97
92 93 98
93 99 98
93 94 99
94 100 99
94 95 100
95 101 100
95 96 101
96 102 101
96 97 102
98 99 103
99 104 103
99 100 104
100 105 104
100 101 105
101 106 105
101 102 106
103 104 107
104 108 107
104 105 108
105 109 108
105 106 109
107 108 110
108 111 110
108 109 111
110 111 112
113 114 120
114 121 120
114 115 121
115 122 121
115 116 122
116 123 122
116 117 123
117 124 123
117 118 124
118 125 124
118 119 125
120 121 126
121 127 126
121 122 127
122 128 127
122 123 128
123 129 128
123 124 129
124 130 129
124 125 130
126 127 131
127 132 131
127 128 132
128 133 132
128 129 133
129 134 133
129 130 134
131 132 135
132 136 135
132 133 136
133 137 136
133 134 137
135 136 138
136 139 138
136 137 139
138 139 140
141 142 148
142 149 148
142 143 149
143 150 149
143 144 150
144 151 150
144 145 151
145 152 151
145 146 152
146 153 152
146 147 153
148 149 154
149 155 154
149 150 155
150 156 155
150 151 156
151 157 156
151 152 157
152 158 157
152 153 158
154 155 159
155 160 159
155 156 160
156 161 160
156 157 161
157 162 161
157 158 162
159 160 163
160 164 163
160 161 164
161 165 164
161 162 165
163 164 166
164 167 166
164 165 167
166 167 168
169 170 176
170 177 176
170 171 177
171 178 177
171 172 178
172 179 178
172 173 179
173 180 179
173 174 180
174 181 180
174 175 181
176 177 182
177 183 182
177 178 183
178 184 183
178 179 184
179 185 184
179 180 185
180 186 185
180 181 186
182 183 187
183 188 187
183 184 188
184 189 188
184 185 189
185 190 189
185 186 190
187 188 191
188 192 191
188 189 192
189 193 192
189 190 193
191 192 194
192 195 194
192 193 195
194 195 196
197 198 204
198 205 204
198 199 205
199 206 205
199 200 206
200 207 206
200 201 207
201 208 207
201 202 208
202 209 208
202 203 209
204 205 210
205 211 210
205 206 211
206 212 211
206 207 212
207 213 212
207 208 213
208 214 213
208 209 214
210 211 215
211 216 215
211 212 216
212 217 216
212 213 217
213 218 217
213 214 218
215 216 219
216 220 219
216 217 220
217 221 220
217 218 221
219 220 222
220 223 222
220 221 223
222 223 224
225 226 232
226 233 232
226 227 233
227 234 233
227 228 234
228 235 234
228 229 235
229 236 235
229 230 236
230 237 236
230 231 237
232 233 238
233 239 238
233 234 239
234 240 239
234 235 240
235 241 240
235 236 241
236 242 241
236 237 242
238 239 243
239 244 243
239 240 244
240 245 244
240 241 245
241 246 245
241 242 246
243 244 247
244 248 247
244 245 248
245 249 248
245 246 249
247 248 250
248 251 250
248 249 251
250 251 252
253 254 260
254 261 260
254 255 261
255 262 261
255 256 262
256 263 262
256 257 263
257 264 263
257 258 264
258 265 264
258 259 265
260 261 266
261 267 266
261 262 267
262 268 267
262 263 268
263 269 268
263 264 269
264 270 269
264 265 270
266 267 271
267 272 271
267 268 272
268 273 272
268 269 273
269 274 273
269 270 274
271 272 275
272 276 275
272 273 276
273 277 276
273 274 277
275 276 278
276 279 278
276 277 279
278 279 280
281 282 288
282 289 288
282 283 289
283 290 289
283 284 290
284 291 290
284 285 291
285 292 291
285 286 292
286 293 292
286 287 293
288 289 294
289 295 294
289 290 295
290 296 295
290 291 296
291 297 296
291 292 297
292 298 297
292 293 298
294 295 299
295 300 299
295 296 300
296 301 300
296 297 301
297 302 301
297 298 302
299 300 303
300 304 303
300 301 304
301 305 304
301 302 305
303 304 306
304 307 306
304 305 307
306 307 308
309 310 316
310 317 316
310 311 317
311 318 317
311 312 318
312 319 318
312 313 319
313 320 319
313 314 320
314 321 320
314 315 321
316 317 322
317 323 322
317 318 323
318 324 323
318 319 324
319 325 324
319 320 325
320 326 325
320 321 326
322 323 327
323 328 327
323 324 328
324 329 328
324 325 329
325 330 329
325 326 330
327 328 331
328 332 331
328 329 332
329 333 332
329 330 333
331 332 334
332 335 334
332 333 335
334 335 336
337 338 344
338 345 344
338 339 345
339 346 345
339 340 346
340 347 346
340 341 347
341 348 347
341 342 348
342 349 348
342 343 349
344 345 350
345 351 350
345 346 351
346 352 351
346 347 352
347 353 352
347 348 353
348 354 353
348 349 354
350 351 355
351 356 355
351 352 356
352 357 356
352 353 357
353 358 357
353 354 358
355 356 359
356 360 359
356 357 360
357 361 360
357 358 361
359 360 362
360 363 362
360 361 363
362 363 364
365 366 372
366 373 372
366 367 373
367 374 373
367 368 374
368 375 374
368 369 375
369 376 375
369 370 376
370 377 376
370 371 377
372 373 378
373 379 378
373 374 379
374 380 379
374 375 380
375 381 380
375 376 381
376 382 381
376 377 382
378 379 383
379 384 383
379 380 384
380 385 384
380 381 385
381 386 385
381 382 386
383 384 387
384 388 387
384 385 388
385 389 388
385 386 389
387 388 390
388 391 390
388 389 391
390 391 392
393 394 400
394 401 400
394 395 401
395 402 401
395 396 402
396 403 402
396 397 403
397 404 403
397 398 404
398 405 404
398 399 405
400 401 406
401 407 406
401 402 407
402 408 407
402 403 408
403 409 408
403 404 409
404 410 409
404 405 410
406 407 411
407 412 411
407 408 412
408 413 412
408 409 413
409 414 413
409 410 414
411 412 415
412 416 415
412 413 416
413 417 416
413 414 417
415 416 418
416 419 418
416 417 419
418 419 420
421 422 428
422 429 428
422 423 429
423 430 429
423 424 430
424 431 430
424 425 431
425 432 431
425 426 432
426 433 432
426 427 433
428 429 434
429 435 434
429 430 435
430 436 435
430 431 436
431 437 436
431 432 437
432 438 437
432 433 438
434 435 439
435 440 439
435 436 440
436 441 440
436 437 441
437 442 441
437 438 442
439 440 443
440 444 443
440 441 444
441 445 444
441 442 445
443 444 446
444 447 446
444 445 447
446 447 448
449 450 456
450 457 456
450 451 457
451 458 457
451 452 458
452 459 458
452 453 459
453 460 459
453 454 460
454 461 460
454 455 461
456 457 462
457 463 462
457 458 463
458 464 463
458 459 464
459 465 464
459 460 465
460 466 465
460 461 466
462 463 467
463 468 467
463 464 468
464 469 468
464 465 469
465 470 469
465 466 470
467 468 471
468 472 471
468 469 472
469 473 472
469 470 473
471 472 474
472 475 474
472 473 475
474 475 476
477 478 484
478 485 484
478 479 485
479 486 485
479 480 486
480 487 486
480 481 487
481 488 487
481 482 488
482 489 488
482 483 489
484 485 490
485 491 490
485 486 491
486 492 491
486 487 492
487 493 492
487 488 493
488 494 493
488 489 494
490 491 495
491 496 495
491 492 496
492 497 496
492 493 497
493 498 497
493 494 498
495 496 499
496 500 499
496 497 500
497 501 500
497 498 501
499 500 502
500 503 502
500 501 503
502 503 504
505 506 512
506 513 512
506 507 513
507 514 513
507 508 514
508 515 514
508 509 515
509 516 515
509 510 516
510 517 516
510 511 517
512 513 518
513 519 518
513 514 519
514 520 519
514 515 520
515 521 520
515 516 521
516 522 521
516 517 522
518 519 523
519 524 523
519 520 524
520 525 524
520 521 525
521 526 525
521 522 526
523 524 527
524 528 527
524 525 528
525 529 528
525 526 529
527 528 530
528 531 530
528 529 531
530 531 532
533 534 540
534 541 540
534 535 541
535 542 541
535 536 542
536 543 542
536 537 543
537 544 543
537 538 544
538 545 544
538 539 545
540 541 546
541 547 546
541 542 547
542 548 547
542 543 548
543 549 548
543 544 549
544 550 549
544 545 550
546 547 551
547 552 551
547 548 552
548 553 552
548 549 553
549 554 553
549 550 554
551 552 555
552 556 555
552 553 556
553 557 556
553 554 557
555 556 558
556 559 558
556 557 559
558 559 560
561 562 568
562 569 568
562 563 569
563 570 569
563 564 570
564 571 570
564 565 571
565 572 571
565 566 572
566 573 572
566 567 573
568 569 574
569 575 574
569 570 575
570 576 575
570 571 576
571 577 576
571 572 577
572 578 577
572 573 578
574 575 579
575 580 579
575 576 580
576 581 580
576 577 581
577 582 581
577 578 582
579 580 583
580 584 583
580 581 584
581 585 584
581 582 585
583 584 586
584 587 586
584 585 587
586 587 588
589 590 596
590 597 596
590 591 597
591 598 597
591 592 598
592 599 598
592 593 599
593 600 599
593 594 600
594 601 600
594 595 601
596 597 602
597 603 602
597 598 603
598 604 603
598 599 604
599 605 604
599 600 605
600 606 605
600 601 606
602 603 607
603 608 607
603 604 608
604 609 608
604 605 609
605 610 609
605 606 610
607 608 611
608 612 611
608 609 612
609 613 612
609 610 613
611 612 614
612 615 614
612 613 615
614 615 616
617 618 624
618 625 624
618 619 625
619 626 625
619 620 626
620 627 626
620 621 627
621 628 627
621 622 628
622 629 628
622 623 629
624 625 630
625 631 630
625 626 631
626 632 631
626 627 632
627 633 632
627 628 633
628 634 633
628 629 634
630 631 635
631 636 635
631 632 636
632 637 636
632 633 637
633 638 637
633 634 638
635 636 639
636 640 639
636 637 640
637 641 640
637 638 641
639 640 642
640 643 642
640 641 643
642 643 644
645 646 652
646 653 652
646 647 653
647 654 653
647 648 654
648 655 654
648 649 655
649 656 655
649 650 656
650 657 656
650 651 657
652 653 658
653 659 658
653 654 659
654 660 659
654 655 660
655 661 660
655 656 661
656 662 661
656 657 662
658 659 663
659 664 663
659 660 664
660 665 664
660 661 665
661 666 665
661 662 666
663 664 667
664 668 667
664 665 668
665 669 668
665 666 669
667 668 670
668 671 670
668 669 671
670 671 672
673 674 680
674 681 680
674 675 681
675 682 681
675 676 682
676 683 682
676 677 683
677 684 683
677 678 684
678 685 684
678 679 685
680 681 686
681 687 686
681 682 687
682 688 687
682 683 688
683 689 688
683 684 689
684 690 689
684 685 690
686 687 691
687 692 691
687 688 692
688 693 692
688 689 693
689 694 693
689 690 694
691 692 695
692 696 695
692 693 696
693 697 696
693 694 697
695 696 698
696 699 698
696 697 699
698 699 700
701 702 708
702 709 708
702 703 709
703 710 709
703 704 710
704 711 710
704 705 711
705 712 711
705 706 712
706 713 712
706 707 713
708 709 714
709 715 714
709 710 715
710 716 715
710 711 716
711 717 716
711 712 717
712 718 717
712 713 718
714 715 719
715 720 719
715 716 720
716 721 720
716 717 721
717 722 721
717 718 722
719 720 723
720 724 723
720 721 724
721 725 724
721 722 725
723 724 726
724 727 726
724 725 727
726 727 728
729 730 736
730 737 736
730 731 737
731 738 737
731 732 738
732 739 738
732 733 739
733 740 739
733 734 740
734 741 740
734 735 741
736 737 742
737 743 742
737 738 743
738 744 743
738 739 744
739 745 744
739 740 745
740 746 745
740 741 746
742 743 747
743 748 747
743 744 748
744 749 748
744 745 749
745 750 749
745 746 750
747 748 751
748 752 751
748 749 752
749 753 752
749 750 753
751 752 754
752 755 754
752 753 755
754 755 756
757 758 764
758 765 764
758 759 765
759 766 765
759 760 766
760 767 766
760 761 767
761 768 767
761 762 768
762 769 768
762 763 769
764 765 770
765 771 770
765 766 771
766 772 771
766 767 772
767 773 772
767 768 773
768 774 773
768 769 774
770 771 775
771 776 775
771 772 776
772 777 776
772 773 777
773 778 777
773 774 778
775 776 779
776 780 779
776 777 780
777 781 780
777 778 781
779 780 782
780 783 782
780 781 783
782 783 784
785 786 792
786 793 792
786 787 793
787 794 793
787 788 794
788 795 794
788 789 795
789 796 795
789 790 796
790 797 796
790 791 797
792 793 798
793 799 798
793 794 799
794 800 799
794 795 800
795 801 800
795 796 801
796 802 801
796 797 802
798 799 803
799 804 803
799 800 804
800 805 804
800 801 805
801 806 805
801 802 806
803 804 807
804 808 807
804 805 808
805 809 808
805 806 809
807 808 810
808 811 810
808 809 811
810 811 812
813 814 820
814 821 820
814 815 821
815 822 821
815 816 822
816 823 822
816 817 823
817 824 823
817 818 824
818 825 824
818 819 825
820 821 826
821 827 826
821 822 827
822 828 827
822 823 828
823 829 828
823 824 829
824 830 829
824 825 830
826 827 831
827 832 831
827 828 832
828 833 832
828 829 833
829 834 833
829 830 834
831 832 835
832 836 835
832 833 836
833 837 836
833 834 837
835 836 838
836 839 838
836 837 839
838 839 840
841 842 848
842 849 848
842 843 849
843 850 849
843 844 850
844 851 850
844 845 851
845 852 851
845 846 852
846 853 852
846 847 853
848 849 854
849 855 854
849 850 855
850 856 855
850 851 856
851 857 856
851 852 857
852 858 857
852 853 858
854 855 859
855 860 859
855 856 860
856 861 860
856 857 861
857 862 861
857 858 862
859 860 863
860 864 863
860 861 864
861 865 864
861 862 865
863 864 866
864 867 866
864 865 867
866 867 868
869 870 876
870 877 876
870 871 877
871 878 877
871 872 878
872 879 878
872 873 879
873 880 879
873 874 880
874 881 880
874 875 881
876 877 882
877 883 882
877 878 883
878 884 883
878 879 884
879 885 884
879 880 885
880 886 885
880 881 886
882 883 887
883 888 887
883 884 888
884 889 888
884 885 889
885 890 889
885 886 890
887 888 891
888 892 891
888 889 892
889 893 892
889 890 893
891 892 894
892 895 894
892 893 895
894 895 896
897 898 904
898 905 904
898 899 905
899 906 905
899 900 906
900 907 906
900 901 907
901 908 907
901 902 908
902 909 908
902 903 909
904 905 910
905 911 910
905 906 911
906 912 911
906 907 912
907 913 912
907 908 913
908 914 913
908 909 914
910 911 915
911 916 915
911 912 916
912 917 916
912 913 917
913 918 917
913 914 918
915 916 919
916 920 919
916 917 920
917 921 920
917 918 921
919 920 922
920 923 922
920 921 923
922 923 924
925 926 932
926 933 932
926 927 933
927 934 933
927 928 934
928 935 934
928 929 935
929 936 935
929 930 936
930 937 936
930 931 937
932 933 938
933 939 938
933 934 939
934 940 939
934 935 940
935 941 940
935 936 941
936 942 941
936 937 942
938 939 943
939 944 943
939 940 944
940 945 944
940 941 945
941 946 945
941 942 946
943 944 947
944 948 947
944 945 948
945 949 948
945 946 949
947 948 950
948 951 950
948 949 951
950 951 952
953 954 960
954 961 960
954 955 961
955 962 961
955 956 962
956 963 962
956 957 963
957 964 963
957 958 964
958 965 964
958 959 965
960 961 966
961 967 966
961 962 967
962 968 967
962 963 968
963 969 968
963 964 969
964 970 969
964 965 970
966 967 971
967 972 971
967 968 972
968 973 972
968 969 973
969 974 973
969 970 974
971 972 975
972 976 975
972 973 976
973 977 976
973 974 977
975 976 978
976 979 978
976 977 979
978 979 980
981 982 988
982 989 988
982 983 989
983 990 989
983 984 990
984 991 990
984 985 991
985 992 991
985 986 992
986 993 992
986 987 993
988 989 994
989 995 994
989 990 995
990 996 995
990 991 996
991 997 996
991 992 997
992 998 997
992 993 998
994 995 999
995 1000 999
995 996 1000
996 1001 1000
996 997 1001
997 1002 1001
997 998 1002
999 1000 1003
1000 1004 1003
1000 1001 1004
1001 1005 1004
1001 1002 1005
1003 1004 1006
1004 1007 1006
1004 1005 1007
1006 1007 1008
1009 1010 1016
1010 1017 1016
1010 1011 1017
1011 1018 1017
1011 1012 1018
1012 1019 1018
1012 1013 1019
1013 1020 1019
1013 1014 1020
1014 1021 1020
1014 1015 1021
1016 1017 1022
1017 1023 1022
1017 1018 1023
1018 1024 1023
1018 1019 1024
1019 1025 1024
1019 1020 1025
1020 1026 1025
1020 1021 1026
1022 1023 1027
1023 1028 1027
1023 1024 1028
1024 1029 1028
1024 1025 1029
1025 1030 1029
1025 1026 1030
1027 1028 1031
1028 1032 1031
1028 1029 1032
1029 1033 1032
1029 1030 1033
1031 1032 1034
1032 1035 1034
1032 1033 1035
1034 1035 1036
1037 1038 1044
1038 1045 1044
1038 1039 1045
1039 1046 1045
1039 1040 1046
1040 1047 1046
1040 1041 1047
1041 1048 1047
1041 1042 1048
1042 1049 1048
1042 1043 1049
1044 1045 1050
1045 1051 1050
1045 1046 1051
1046 1052 1051
1046 1047 1052
1047 1053 1052
1047 1048 1053
1048 1054 1053
1048 1049 1054
1050 1051 1055
1051 1056 1055
1051 1052 1056
1052 1057 1056
1052 1053 1057
1053 1058 1057
1053 1054 1058
1055 1056 1059
1056 1060 1059
1056 1057 1060
1057 1061 1060
1057 1058 1061
1059 1060 1062
1060 1063 1062
1060 1061 1063
1062 1063 1064
1065 1066 1072
1066 1073 1072
1066 1067 1073
1067 1074 1073
1067 1068 1074
1068 1075 1074
1068 1069 1075
1069 1076 1075
1069 1070 1076
1070 1077 1076
1070 1071 1077
1072 1073 1078
1073 1079 1078
1073 1074 1079
1074 1080 1079
1074 1075 1080
1075 1081 1080
1075 1076 1081
1076 1082 1081
1076 1077 1082
1078 1079 1083
1079 1084 1083
1079 1080 1084
1080 1085 1084
1080 1081 1085
1081 1086 1085
1081 1082 1086
1083 1084 1087
1084 1088 1087
1084 1085 1088
1085 1089 1088
1085 1086 1089
1087 1088 1090
1088 1091 1090
1088 1089 1091
1090 1091 1092
1093 1094 1100
1094 1101 1100
1094 1095 1101
1095 1102 1101
1095 1096 1102
1096 1103 1102
1096 1097 1103
1097 1104 1103
1097 1098 1104
1098 1105 1104
1098 1099 1105
1100 1101 1106
1101 1107 1106
1101 1102 1107
1102 1108 1107
1102 1103 1108
1103 1109 1108
1103 1104 1109
1104 1110 1109
1104 1105 1110
1106 1107 1111
1107 1112 1111
1107 1108 1112
1108 1113 1112
1108 1109 1113
1109 1114 1113
1109 1110 1114
1111 1112 1115
1112 1116 1115
1112 1113 1116
1113 1117 1116
1113 1114 1117
1115 1116 1118
1116 1119 1118
1116 1117 1119
1118 1119 1120
1121 1122 1128
1122 1129 1128
1122 1123 1129
1123 1130 1129
1123 1124 1130
1124 1131 1130
1124 1125 1131
1125 1132 1131
1125 1126 1132
1126 1133 1132
1126 1127 1133
1128 1129 1134
1129 1135 1134
1129 1130 1135
1130 1136 1135
1130 1131 1136
1131 1137 1136
1131 1132 1137
1132 1138 1137
1132 1133 1138
1134 1135 1139
1135 1140 1139
1135 1136 1140
1136 1141 1140
1136 1137 1141
1137 1142 1141
1137 1138 1142
1139 1140 1143
1140 1144 1143
1140 1141 1144
1141 1145 1144
1141 1142 1145
1143 1144 1146
1144 1147 1146
1144 1145 1147
1146 1147 1148
1149 1150 1156
1150 1157 1156
1150 1151 1157
1151 1158 1157
1151 1152 1158
1152 1159 1158
1152 1153 1159
1153 1160 1159
1153 1154 1160
1154 1161 1160
1154 1155 1161
1156 1157 1162
1157 1163 1162
1157 1158 1163
1158 1164 1163
1158 1159 1164
1159 1165 1164
1159 1160 1165
1160 1166 1165
1160 1161 1166
1162 1163 1167
1163 1168 1167
1163 1164 1168
1164 1169 1168
1164 1165 1169
1165 1170 1169
1165 1166 1170
1167 1168 1171
1168 1172 1171
1168 1169 1172
1169 1173 1172
1169 1170 1173
1171 1172 1174
1172 1175 1174
1172 1173 1175
1174 1175 1176
1177 1178 1184
1178 1185 1184
1178 1179 1185
1179 1186 1185
1179 1180 1186
1180 1187 1186
1180 1181 1187
1181 1188 1187
1181 1182 1188
1182 1189 1188
1182 1183 1189
1184 1185 1190
1185 1191 1190
1185 1186 1191
1186 1192 1191
1186 1187 1192
1187 1193 1192
1187 1188 1193
1188 1194 1193
1188 1189 1194
1190 1191 1195
1191 1196 1195
1191 1192 1196
1192 1197 1196
1192 1193 1197
1193 1198 1197
1193 1194 1198
1195 1196 1199
1196 1200 1199
1196 1197 1200
1197 1201 1200
1197 1198 1201
1199 1200 1202
1200 1203 1202
1200 1201 1203
1202 1203 1204
1205 1206 1212
1206 1213 1212
1206 1207 1213
1207 1214 1213
1207 1208 1214
1208 1215 1214
1208 1209 1215
1209 1216 1215
1209 1210 1216
1210 1217 1216
1210 1211 1217
1212 1213 1218
1213 1219 1218
1213 1214 1219
1214 1220 1219
1214 1215 1220
1215 1221 1220
1215 1216 1221
1216 1222 1221
1216 1217 1222
1218 1219 1223
1219 1224 1223
1219 1220 1224
1220 1225 1224
1220 1221 1225
1221 1226 1225
1221 1222 1226
1223 1224 1227
1224 1228 1227
1224 1225 1228
1225 1229 1228
1225 1226 1229
1227 1228 1230
1228 1231 1230
1228 1229 1231
1230 1231 1232
1233 1234 1240
1234 1241 1240
1234 1235 1241
1235 1242 1241
1235 1236 1242
1236 1243 1242
1236 1237 1243
1237 1244 1243
1237 1238 1244
1238 1245 1244
1238 1239 1245
1240 1241 1246
1241 1247 1246
1241 1242 1247
1242 1248 1247
1242 1243 1248
1243 1249 1248
1243 1244 1249
1244 1250 1249
1244 1245 1250
1246 1247 1251
1247 1252 1251
1247 1248 1252
1248 1253 1252
1248 1249 1253
1249 1254 1253
1249 1250 1254
1251 1252 1255
1252 1256 1255
1252 1253 1256
1253 1257 1256
1253 1254 1257
1255 1256 1258
1256 1259 1258
1256 1257 1259
1258 1259 1260
1261 1262 1268
1262 1269 1268
1262 1263 1269
1263 1270 1269
1263 1264 1270
1264 1271 1270
1264 1265 1271
1265 1272 1271
1265 1266 1272
1266 1273 1272
1266 1267 1273
1268 1269 1274
1269 1275 1274
1269 1270 1275
1270 1276 1275
1270 1271 1276
1271 1277 1276
1271 1272 1277
1272 1278 1277
1272 1273 1278
1274 1275 1279
1275 1280 1279
1275 1276 1280
1276 1281 1280
1276 1277 1281
1277 1282 1281
1277 1278 1282
1279 1280 1283
1280 1284 1283
1280 1281 1284
1281 1285 1284
1281 1282 1285
1283 1284 1286
1284 1287 1286
1284 1285 1287
1286 1287 1288
1289 1290 1296
1290 1297 1296
1290 1291 1297
1291 1298 1297
1291 1292 1298
1292 1299 1298
1292 1293 1299
1293 1300 1299
1293 1294 1300
1294 1301 1300
1294 1295 1301
1296 1297 1302
1297 1303 1302
1297 1298 1303
1298 1304 1303
1298 1299 1304
1299 1305 1304
1299 1300 1305
1300 1306 1305
1300 1301 1306
1302 1303 1307
1303 1308 1307
1303 1304 1308
1304 1309 1308
1304 1305 1309
1305 1310 1309
1305 1306 1310
1307 1308 1311
1308 1312 1311
1308 1309 1312
1309 1313 1312
1309 1310 1313
1311 1312 1314
1312 1315 1314
1312 1313 1315
1314 1315 1316
1317 1318 1324
1318 1325 1324
1318 1319 1325
1319 1326 1325
1319 1320 1326
1320 1327 1326
1320 1321 1327
1321 1328 1327
1321 1322 1328
1322 1329 1328
1322 1323 1329
1324 1325 1330
1325 1331 1330
1325 1326 1331
1326 1332 1331
1326 1327 1332
1327 1333 1332
1327 1328 1333
1328 1334 1333
1328 1329 1334
1330 1331 1335
1331 1336 1335
1331 1332 1336
1332 1337 1336
1332 1333 1337
1333 1338 1337
1333 1334 1338
1335 1336 1339
1336 1340 1339
1336 1337 1340
1337 1341 1340
1337 1338 1341
1339 1340 1342
1340 1343 1342
1340 1341 1343
1342 1343 1344
1345 1346 1352
1346 1353 1352
1346 1347 1353
1347 1354 1353
1347 1348 1354
1348 1355 1354
1348 1349 1355
1349 1356 1355
1349 1350 1356
1350 1357 1356
1350 1351 1357
1352 1353 1358
1353 1359 1358
1353 1354 1359
1354 1360 1359
1354 1355 1360
1355 1361 1360
1355 1356 1361
1356 1362 1361
1356 1357 1362
1358 1359 1363
1359 1364 1363
1359 1360 1364
1360 1365 1364
1360 1361 1365
1361 1366 1365
1361 1362 1366
1363 1364 1367
1364 1368 1367
1364 1365 1368
1365 1369 1368
1365 1366 1369
1367 1368 1370
1368 1371 1370
1368 1369 1371
1370 1371 1372
1373 1374 1380
1374 1381 1380
1374 1375 1381
1375 1382 1381
1375 1376 1382
1376 1383 1382
1376 1377 1383
1377 1384 1383
1377 1378 1384
1378 1385 1384
1378 1379 1385
1380 1381 1386
1381 1387 1386
1381 1382 1387
1382 1388 1387
1382 1383 1388
1383 1389 1388
1383 1384 1389
1384 1390 1389
1384 1385 1390
1386 1387 1391
1387 1392 1391
1387 1388 1392
1388 1393 1392
1388 1389 1393
1389 1394 1393
1389 1390 1394
1391 1392 1395
1392 1396 1395
1392 1393 1396
1393 1397 1396
1393 1394 1397
1395 1396 1398
1396 1399 1398
1396 1397 1399
1398 1399 1400
1401 1402 1408
1402 1409 1408
1402 1403 1409
1403 1410 1409
1403 1404 1410
1404 1411 1410
1404 1405 1411
1405 1412 1411
1405 1406 1412
1406 1413 1412
1406 1407 1413
1408 1409 1414
1409 1415 1414
1409 1410 1415
1410 1416 1415
1410 1411 1416
1411 1417 1416
1411 1412 1417
1412 1418 1417
1412 1413 1418
1414 1415 1419
1415 1420 1419
1415 1416 1420
1416 1421 1420
1416 1417 1421
1417 1422 1421
1417 1418 1422
1419 1420 1423
1420 1424 1423
1420 1421 1424
1421 1425 1424
1421 1422 1425
1423 1424 1426
1424 1427 1426
1424 1425 1427
1426 1427 1428
1429 1430 1436
1430 1437 1436
1430 1431 1437
1431 1438 1437
1431 1432 1438
1432 1439 1438
1432 1433 1439
1433 1440 1439
1433 1434 1440
1434 1441 1440
1434 1435 1441
1436 1437 1442
1437 1443 1442
1437 1438 1443
1438 1444 1443
1438 1439 1444
1439 1445 1444
1439 1440 1445
1440 1446 1445
1440 1441 1446
1442 1443 1447
1443 1448 1447
1443 1444 1448
1444 1449 1448
1444 1445 1449
1445 1450 1449
1445 1446 1450
1447 1448 1451
1448 1452 1451
1448 1449 1452
1449 1453 1452
1449 1450 1453
1451 1452 1454
1452 1455 1454
1452 1453 1455
1454 1455 1456
1457 1458 1464
1458 1465 1464
1458 1459 1465
1459 1466 1465
1459 1460 1466
1460 1467 1466
1460 1461 1467
1461 1468 1467
1461 1462 1468
1462 1469 1468
1462 1463 1469
1464 1465 1470
1465 1471 1470
1465 1466 1471
1466 1472 1471
1466 1467 1472
1467 1473 1472
1467 1468 1473
1468 1474 1473
1468 1469 1474
1470 1471 1475
1471 1476 1475
1471 1472 1476
1472 1477 1476
1472 1473 1477
1473 1478 1477
1473 1474 1478
1475 1476 1479
1476 1480 1479
1476 1477 1480
1477 1481 1480
1477 1478 1481
1479 1480 1482
1480 1483 1482
1480 1481 1483
1482 1483 1484
1485 1486 1492
1486 1493 1492
1486 1487 1493
1487 1494 1493
1487 1488 1494
1488 1495 1494
1488 1489 1495
1489 1496 1495
1489 1490 1496
1490 1497 1496
1490 1491 1497
1492 1493 1498
1493 1499 1498
1493 1494 1499
1494 1500 1499
1494 1495 1500
1495 1501 1500
1495 1496 1501
1496 1502 1501
1496 1497 1502
1498 1499 1503
1499 1504 1503
1499 1500 1504
1500 1505 1504
1500 1501 1505
1501 1506 1505
1501 1502 1506
1503 1504 1507
1504 1508 1507
1504 1505 1508
1505 1509 1508
1505 1506 1509
1507 1508 1510
1508 1511 1510
1508 1509 1511
1510 1511 1512
1513 1514 1520
1514 1521 1520
1514 1515 1521
1515 1522 1521
1515 1516 1522
1516 1523 1522
1516 1517 1523
1517 1524 1523
1517 1518 1524
1518 1525 1524
1518 1519 1525
1520 1521 1526
1521 1527 1526
1521 1522 1527
1522 1528 1527
1522 1523 1528
1523 1529 1528
1523 1524 1529
1524 1530 1529
1524 1525 1530
1526 1527 1531
1527 1532 1531
1527 1528 1532
1528 1533 1532
1528 1529 1533
1529 1534 1533
1529 1530 1534
1531 1532 1535
1532 1536 1535
1532 1533 1536
1533 1537 1536
1533 1534 1537
1535 1536 1538
1536 1539 1538
1536 1537 1539
1538 1539 1540
1541 1542 1548
1542 1549 1548
1542 1543 1549
1543 1550 1549
1543 1544 1550
1544 1551 1550
1544 1545 1551
1545 1552 1551
1545 1546 1552
1546 1553 1552
1546 1547 1553
1548 1549 1554
1549 1555 1554
1549 1550 1555
1550 1556 1555
1550 1551 1556
1551 1557 1556
1551 1552 1557
1552 1558 1557
1552 1553 1558
1554 1555 1559
1555 1560 1559
1555 1556 1560
1556 1561 1560
1556 1557 1561
1557 1562 1561
1557 1558 1562
1559 1560 1563
1560 1564 1563
1560 1561 1564
1561 1565 1564
1561 1562 1565
1563 1564 1566
1564 1567 1566
1564 1565 1567
1566 1567 1568
1569 1570 1576
1570 1577 1576
1570 1571 1577
1571 1578 1577
1571 1572 1578
1572 1579 1578
1572 1573 1579
1573 1580 1579
1573 1574 1580
1574 1581 1580
1574 1575 1581
1576 1577 1582
1577 1583 1582
1577 1578 1583
1578 1584 1583
1578 1579 1584
1579 1585 1584
1579 1580 1585
1580 1586 1585
1580 1581 1586
1582 1583 1587
1583 1588 1587
1583 1584 1588
1584 1589 1588
1584 1585 1589
1585 1590 1589
1585 1586 1590
1587 1588 1591
1588 1592 1591
1588 1589 1592
1589 1593 1592
1589 1590 1593
1591 1592 1594
1592 1595 1594
1592 1593 1595
1594 1595 1596
1597 1598 1604
1598 1605 1604
1598 1599 1605
1599 1606 1605
1599 1600 1606
1600 1607 1606
1600 1601 1607
1601 1608 1607
1601 1602 1608
1602 1609 1608
1602 1603 1609
1604 1605 1610
1605 1611 1610
1605 1606 1611
1606 1612 1611
1606 1607 1612
1607 1613 1612
1607 1608 1613
1608 1614 1613
1608 1609 1614
1610 1611 1615
1611 1616 1615
1611 1612 1616
1612 1617 1616
1612 1613 1617
1613 1618 1617
1613 1614 1618
1615 1616 1619
1616 1620 1619
1616 1617 1620
1617 1621 1620
1617 1618 1621
1619 1620 1622
1620 1623 1622
1620 1621 1623
1622 1623 1624
1625 1626 1632
1626 1633 1632
1626 1627 1633
1627 1634 1633
1627 1628 1634
1628 1635 1634
1628 1629 1635
1629 1636 1635
1629 1630 1636
1630 1637 1636
1630 1631 1637
1632 1633 1638
1633 1639 1638
1633 1634 1639
1634 1640 1639
1634 1635 1640
1635 1641 1640
1635 1636 1641
1636 1642 1641
1636 1637 1642
1638 1639 1643
1639 1644 1643
1639 1640 1644
1640 1645 1644
1640 1641 1645
1641 1646 1645
1641 1642 1646
1643 1644 1647
1644 1648 1647
1644 1645 1648
1645 1649 1648
1645 1646 1649
1647 1648 1650
1648 1651 1650
1648 1649 1651
1650 1651 1652
1653 1654 1660
1654 1661 1660
1654 1655 1661
1655 1662 1661
1655 1656 1662
1656 1663 1662
1656 1657 1663
1657 1664 1663
1657 1658 1664
1658 1665 1664
1658 1659 1665
1660 1661 1666
1661 1667 1666
1661 1662 1667
1662 1668 1667
1662 1663 1668
1663 1669 1668
1663 1664 1669
1664 1670 1669
1664 1665 1670
1666 1667 1671
1667 1672 1671
1667 1668 1672
1668 1673 1672
1668 1669 1673
1669 1674 1673
1669 1670 1674
1671 1672 1675
1672 1676 1675
1672 1673 1676
1673 1677 1676
1673 1674 1677
1675 1676 1678
1676 1679 1678
1676 1677 1679
1678 1679 1680
1681 1682 1688
1682 1689 1688
1682 1683 1689
1683 1690 1689
1683 1684 1690
1684 1691 1690
1684 1685 1691
1685 1692 1691
1685 1686 1692
1686 1693 1692
1686 1687 1693
1688 1689 1694
1689 1695 1694
1689 1690 1695
1690 1696 1695
1690 1691 1696
1691 1697 1696
1691 1692 1697
1692 1698 1697
1692 1693 1698
1694 1695 1699
1695 1700 1699
1695 1696 1700
1696 1701 1700
1696 1697 1701
1697 1702 1701
1697 1698 1702
1699 1700 1703
1700 1704 1703
1700 1701 1704
1701 1705 1704
1701 1702 1705
1703 1704 1706
1704 1707 1706
1704 1705 1707
1706 1707 1708
1709 1710 1716
1710 1717 1716
1710 1711 1717
1711 1718 1717
1711 1712 1718
1712 1719 1718
1712 1713 1719
1713 1720 1719
1713 1714 1720
1714 1721 1720
1714 1715 1721
1716 1717 1722
1717 1723 1722
1717 1718 1723
1718 1724 1723
1718 1719 1724
1719 1725 1724
1719 1720 1725
1720 1726 1725
1720 1721 1726
1722 1723 1727
1723 1728 1727
1723 1724 1728
1724 1729 1728
1724 1725 1729
1725 1730 1729
1725 1726 1730
1727 1728 1731
1728 1732 1731
1728 1729 1732
1729 1733 1732
1729 1730 1733
1731 1732 1734
1732 1735 1734
1732 1733 1735
1734 1735 1736
1737 1738 1744
1738 1745 1744
1738 1739 1745
1739 1746 1745
1739 1740 1746
1740 1747 1746
1740 1741 1747
1741 1748 1747
1741 1742 1748
1742 1749 1748
1742 1743 1749
1744 1745 1750
1745 1751 1750
1745 1746 1751
1746 1752 1751
1746 1747 1752
1747 1753 1752
1747 1748 1753
1748 1754 1753
1748 1749 1754
1750 1751 1755
1751 1756 1755
1751 1752 1756
1752 1757 1756
1752 1753 1757
1753 1758 1757
1753 1754 1758
1755 1756 1759
1756 1760 1759
1756 1757 1760
1757 1761 1760
1757 1758 1761
1759 1760 1762
1760 1763 1762
1760 1761 1763
1762 1763 1764
1765 1766 1772
1766 1773 1772
1766 1767 1773
1767 1774 1773
1767 1768 1774
1768 1775 1774
1768 1769 1775
1769 1776 1775
1769 1770 1776
1770 1777 1776
1770 1771 1777
1772 1773 1778
1773 1779 1778
1773 1774 1779
1774 1780 1779
1774 1775 1780
1775 1781 1780
1775 1776 1781
1776 1782 1781
1776 1777 1782
1778 1779 1783
1779 1784 1783
1779 1780 1784
1780 1785 1784
1780 1781 1785
1781 1786 1785
1781 1782 1786
1783 1784 1787
1784 1788 1787
1784 1785 1788
1785 1789 1788
1785 1786 1789
1787 1788 1790
1788 1791 1790
1788 1789 1791
1790 1791 1792
1793 1794 1800
1794 1801 1800
1794 1795 1801
1795 1802 1801
1795 1796 1802
1796 1803 1802
1796 1797 1803
1797 1804 1803
1797 1798 1804
1798 1805 1804
1798 1799 1805
1800 1801 1806
1801 1807 1806
1801 1802 1807
1802 1808 1807
1802 1803 1808
1803 1809 1808
1803 1804 1809
1804 1810 1809
1804 1805 1810
1806 1807 1811
1807 1812 1811
1807 1808 1812
1808 1813 1812
1808 1809 1813
1809 1814 1813
1809 1810 1814
1811 1812 1815
1812 1816 1815
1812 1813 1816
1813 1817 1816
1813 1814 1817
1815 1816 1818
1816 1819 1818
1816 1817 1819
1818 1819 1820
1821 1822 1828
1822 1829 1828
1822 1823 1829
1823 1830 1829
1823 1824 1830
1824 1831 1830
1824 1825 1831
1825 1832 1831
1825 1826 1832
1826 1833 1832
1826 1827 1833
1828 1829 1834
1829 1835 1834
1829 1830 1835
1830 1836 1835
1830 1831 1836
1831 1837 1836
1831 1832 1837
1832 1838 1837
1832 1833 1838
1834 1835 1839
1835 1840 1839
1835 1836 1840
1836 1841 1840
1836 1837 1841
1837 1842 1841
1837 1838 1842
1839 1840 1843
1840 1844 1843
1840 1841 1844
1841 1845 1844
1841 1842 1845
1843 1844 1846
1844 1847 1846
1844 1845 1847
1846 1847 1848
1849 1850 1856
1850 1857 1856
1850 1851 1857
1851 1858 1857
1851 1852 1858
1852 1859 1858
1852 1853 1859
1853 1860 1859
1853 1854 1860
1854 1861 1860
1854 1855 1861
1856 1857 1862
1857 1863 1862
1857 1858 1863
1858 1864 1863
1858 1859 1864
1859 1865 1864
1859 1860 1865
1860 1866 1865
1860 1861 1866
1862 1863 1867
1863 1868 1867
1863 1864 1868
1864 1869 1868
1864 1865 1869
1865 1870 1869
1865 1866 1870
1867 1868 1871
1868 1872 1871
1868 1869 1872
1869 1873 1872
1869 1870 1873
1871 1872 1874
1872 1875 1874
1872 1873 1875
1874 1875 1876
1877 1878 1884
1878 1885 1884
1878 1879 1885
1879 1886 1885
1879 1880 1886
1880 1887 1886
1880 1881 1887
1881 1888 1887
1881 1882 1888
1882 1889 1888
1882 1883 1889
1884 1885 1890
1885 1891 1890
1885 1886 1891
1886 1892 1891
1886 1887 1892
1887 1893 1892
1887 1888 1893
1888 1894 1893
1888 1889 1894
1890 1891 1895
1891 1896 1895
1891 1892 1896
1892 1897 1896
1892 1893 1897
1893 1898 1897
1893 1894 1898
1895 1896 1899
1896 1900 1899
1896 1897 1900
1897 1901 1900
1897 1898 1901
1899 1900 1902
1900 1903 1902
1900 1901 1903
1902 1903 1904
1905 1906 1912
1906 1913 1912
1906 1907 1913
1907 1914 1913
1907 1908 1914
1908 1915 1914
1908 1909 1915
1909 1916 1915
1909 1910 1916
1910 1917 1916
1910 1911 1917
1912 1913 1918
1913 1919 1918
1913 1914 1919
1914 1920 1919
1914 1915 1920
1915 1921 1920
1915 1916 1921
1916 1922 1921
1916 1917 1922
1918 1919 1923
1919 1924 1923
1919 1920 1924
1920 1925 1924
1920 1921 1925
1921 1926 1925
1921 1922 1926
1923 1924 1927
1924 1928 1927
1924 1925 1928
1925 1929 1928
1925 1926 1929
1927 1928 1930
1928 1931 1930
1928 1929 1931
1930 1931 1932
1933 1934 1940
1934 1941 1940
1934 1935 1941
1935 1942 1941
1935 1936 1942
1936 1943 1942
1936 1937 1943
1937 1944 1943
1937 1938 1944
1938 1945 1944
1938 1939 1945
1940 1941 1946
1941 1947 1946
1941 1942 1947
1942 1948 1947
1942 1943 1948
1943 1949 1948
1943 1944 1949
1944 1950 1949
1944 1945 1950
1946 1947 1951
1947 1952 1951
1947 1948 1952
1948 1953 1952
1948 1949 1953
1949 1954 1953
1949 1950 1954
1951 1952 1955
1952 1956 1955
1952 1953 1956
1953 1957 1956
1953 1954 1957
1955 1956 1958
1956 1959 1958
1956 1957 1959
1958 1959 1960
1961 1962 1968
1962 1969 1968
1962 1963 1969
1963 1970 1969
1963 1964 1970
1964 1971 1970
1964 1965 1971
1965 1972 1971
1965 1966 1972
1966 1973 1972
1966 1967 1973
1968 1969 1974
1969 1975 1974
1969 1970 1975
1970 1976 1975
1970 1971 1976
1971 1977 1976
1971 1972 1977
1972 1978 1977
1972 1973 1978
1974 1975 1979
1975 1980 1979
1975 1976 1980
1976 1981 1980
1976 1977 1981
1977 1982 1981
1977 1978 1982
1979 1980 1983
1980 1984 1983
1980 1981 1984
1981 1985 1984
1981 1982 1985
1983 1984 1986
1984 1987 1986
1984 1985 1987
1986 1987 1988
1989 1990 1996
1990 1997 1996
1990 1991 1997
1991 1998 1997
1991 1992 1998
1992 1999 1998
1992 1993 1999
1993 2000 1999
1993 1994 2000
1994 2001 2000
1994 1995 2001
1996 1997 2002
1997 2003 2002
1997 1998 2003
1998 2004 2003
1998 1999 2004
1999 2005 2004
1999 2000 2005
2000 2006 2005
2000 2001 2006
2002 2003 2007
2003 2008 2007
2003 2004 2008
2004 2009 2008
2004 2005 2009
2005 2010 2009
2005 2006 2010
2007 2008 2011
2008 2012 2011
2008 2009 2012
2009 2013 2012
2009 2010 2013
2011 2012 2014
2012 2015 2014
2012 2013 2015
2014 2015 2016
2017 2018 2024
2018 2025 2024
2018 2019 2025
2019 2026 2025
2019 2020 2026
2020 2027 2026
2020 2021 2027
2021 2028 2027
2021 2022 2028
2022 2029 2028
2022 2023 2029
2024 2025 2030
2025 2031 2030
2025 2026 2031
2026 2032 2031
2026 2027 2032
2027 2033 2032
2027 2028 2033
2028 2034 2033
2028 2029 2034
2030 2031 2035
2031 2036 2035
2031 2032 2036
2032 2037 2036
2032 2033 2037
2033 2038 2037
2033 2034 2038
2035 2036 2039
2036 2040 2039
2036 2037 2040
2037 2041 2040
2037 2038 2041
2039 2040 2042
2040 2043 2042
2040 2041 2043
2042 2043 2044
2045 2046 2052
2046 2053 2052
2046 2047 2053
2047 2054 2053
2047 2048 2054
2048 2055 2054
2048 2049 2055
2049 2056 2055
2049 2050 2056
2050 2057 2056
2050 2051 2057
2052 2053 2058
2053 2059 2058
2053 2054 2059
2054 2060 2059
2054 2055 2060
2055 2061 2060
2055 2056 2061
2056 2062 2061
2056 2057 2062
2058 2059 2063
2059 2064 2063
2059 2060 2064
2060 2065 2064
2060 2061 2065
2061 2066 2065
2061 2062 2066
2063 2064 2067
2064 2068 2067
2064 2065 2068
2065 2069 2068
2065 2066 2069
2067 2068 2070
2068 2071 2070
2068 2069 2071
2070 2071 2072
2073 2074 2080
2074 2081 2080
2074 2075 2081
2075 2082 2081
2075 2076 2082
2076 2083 2082
2076 2077 2083
2077 2084 2083
2077 2078 2084
2078 2085 2084
2078 2079 2085
2080 2081 2086
2081 2087 2086
2081 2082 2087
2082 2088 2087
2082 2083 2088
2083 2089 2088
2083 2084 2089
2084 2090 2089
2084 2085 2090
2086 2087 2091
2087 2092 2091
2087 2088 2092
2088 2093 2092
2088 2089 2093
2089 2094 2093
2089 2090 2094
2091 2092 2095
2092 2096 2095
2092 2093 2096
2093 2097 2096
2093 2094 2097
2095 2096 2098
2096 2099 2098
2096 2097 2099
2098 2099 2100
2101 2102 2108
2102 2109 2108
2102 2103 2109
2103 2110 2109
2103 2104 2110
2104 2111 2110
2104 2105 2111
2105 2112 2111
2105 2106 2112
2106 2113 2112
2106 2107 2113
2108 2109 2114
2109 2115 2114
2109 2110 2115
2110 2116 2115
2110 2111 2116
2111 2117 2116
2111 2112 2117
2112 2118 2117
2112 2113 2118
2114 2115 2119
2115 2120 2119
2115 2116 2120
2116 2121 2120
2116 2117 2121
2117 2122 2121
2117 2118 2122
2119 2120 2123
2120 2124 2123
2120 2121 2124
2121 2125 2124
2121 2122 2125
2123 2124 2126
2124 2127 2126
2124 2125 2127
2126 2127 2128
2129 2130 2136
2130 2137 2136
2130 2131 2137
2131 2138 2137
2131 2132 2138
2132 2139 2138
2132 2133 2139
2133 2140 2139
2133 2134 2140
2134 2141 2140
2134 2135 2141
2136 2137 2142
2137 2143 2142
2137 2138 2143
2138 2144 2143
2138 2139 2144
2139 2145 2144
2139 2140 2145
2140 2146 2145
2140 2141 2146
2142 2143 2147
2143 2148 2147
2143 2144 2148
2144 2149 2148
2144 2145 2149
2145 2150 2149
2145 2146 2150
2147 2148 2151
2148 2152 2151
2148 2149 2152
2149 2153 2152
2149 2150 2153
2151 2152 2154
2152 2155 2154
2152 2153 2155
2154 2155 2156
2157 2158 2164
2158 2165 2164
2158 2159 2165
2159 2166 2165
2159 2160 2166
2160 2167 2166
2160 2161 2167
2161 2168 2167
2161 2162 2168
2162 2169 2168
2162 2163 2169
2164 2165 2170
2165 2171 2170
2165 2166 2171
2166 2172 2171
2166 2167 2172
2167 2173 2172
2167 2168 2173
2168 2174 2173
2168 2169 2174
2170 2171 2175
2171 2176 2175
2171 2172 2176
2172 2177 2176
2172 2173 2177
2173 2178 2177
2173 2174 2178
2175 2176 2179
2176 2180 2179
2176 2177 2180
2177 2181 2180
2177 2178 2181
2179 2180 2182
2180 2183 2182
2180 2181 2183
2182 2183 2184
2185 2186 2192
2186 2193 2192
2186 2187 2193
2187 2194 2193
2187 2188 2194
2188 2195 2194
2188 2189 2195
2189 2196 2195
2189 2190 2196
2190 2197 2196
2190 2191 2197
2192 2193 2198
2193 2199 2198
2193 2194 2199
2194 2200 2199
2194 2195 2200
2195 2201 2200
2195 2196 2201
2196 2202 2201
2196 2197 2202
2198 2199 2203
2199 2204 2203
2199 2200 2204
2200 2205 2204
2200 2201 2205
2201 2206 2205
2201 2202 2206
2203 2204 2207
2204 2208 2207
2204 2205 2208
2205 2209 2208
2205 2206 2209
2207 2208 2210
2208 2211 2210
2208 2209 2211
2210 2211 2212
2213 2214 2220
2214 2221 2220
2214 2215 2221
2215 2222 2221
2215 2216 2222
2216 2223 2222
2216 2217 2223
2217 2224 2223
2217 2218 2224
2218 2225 2224
2218 2219 2225
2220 2221 2226
2221 2227 2226
2221 2222 2227
2222 2228 2227
2222 2223 2228
2223 2229 2228
2223 2224 2229
2224 2230 2229
2224 2225 2230
2226 2227 2231
2227 2232 2231
2227 2228 2232
2228 2233 2232
2228 2229 2233
2229 2234 2233
2229 2230 2234
2231 2232 2235
2232 2236 2235
2232 2233 2236
2233 2237 2236
2233 2234 2237
2235 2236 2238
2236 2239 2238
2236 2237 2239
2238 2239 2240
2241 2242 2248
2242 2249 2248
2242 2243 2249
2243 2250 2249
2243 2244 2250
2244 2251 2250
2244 2245 2251
2245 2252 2251
2245 2246 2252
2246 2253 2252
2246 2247 2253
2248 2249 2254
2249 2255 2254
2249 2250 2255
2250 2256 2255
2250 2251 2256
2251 2257 2256
2251 2252 2257
2252 2258 2257
2252 2253 2258
2254 2255 2259
2255 2260 2259
2255 2256 2260
2256 2261 2260
2256 2257 2261
2257 2262 2261
2257 2258 2262
2259 2260 2263
2260 2264 2263
2260 2261 2264
2261 2265 2264
2261 2262 2265
2263 2264 2266
2264 2267 2266
2264 2265 2267
2266 2267 2268
2269 2270 2276
2270 2277 2276
2270 2271 2277
2271 2278 2277
2271 2272 2278
2272 2279 2278
2272 2273 2279
2273 2280 2279
2273 2274 2280
2274 2281 2280
2274 2275 2281
2276 2277 2282
2277 2283 2282
2277 2278 2283
2278 2284 2283
2278 2279 2284
2279 2285 2284
2279 2280 2285
2280 2286 2285
2280 2281 2286
2282 2283 2287
2283 2288 2287
2283 2284 2288
2284 2289 2288
2284 2285 2289
2285 2290 2289
2285 2286 2290
2287 2288 2291
2288 2292 2291
2288 2289 2292
2289 2293 2292
2289 2290 2293
2291 2292 2294
2292 2295 2294
2292 2293 2295
2294 2295 2296
2297 2298 2304
2298 2305 2304
2298 2299 2305
2299 2306 2305
2299 2300 2306
2300 2307 2306
2300 2301 2307
2301 2308 2307
2301 2302 2308
2302 2309 2308
2302 2303 2309
2304 2305 2310
2305 2311 2310
2305 2306 2311
2306 2312 2311
2306 2307 2312
2307 2313 2312
2307 2308 2313
2308 2314 2313
2308 2309 2314
2310 2311 2315
2311 2316 2315
2311 2312 2316
2312 2317 2316
2312 2313 2317
2313 2318 2317
2313 2314 2318
2315 2316 2319
2316 2320 2319
2316 2317 2320
2317 2321 2320
2317 2318 2321
2319 2320 2322
2320 2323 2322
2320 2321 2323
2322 2323 2324
2325 2326 2332
2326 2333 2332
2326 2327 2333
2327 2334 2333
2327 2328 2334
2328 2335 2334
2328 2329 2335
2329 2336 2335
2329 2330 2336
2330 2337 2336
2330 2331 2337
2332 2333 2338
2333 2339 2338
2333 2334 2339
2334 2340 2339
2334 2335 2340
2335 2341 2340
2335 2336 2341
2336 2342 2341
2336 2337 2342
2338 2339 2343
2339 2344 2343
2339 2340 2344
2340 2345 2344
2340 2341 2345
2341 2346 2345
2341 2342 2346
2343 2344 2347
2344 2348 2347
2344 2345 2348
2345 2349 2348
2345 2346 2349
2347 2348 2350
2348 2351 2350
2348 2349 2351
2350 2351 2352
2353 2354 2360
2354 2361 2360
2354 2355 2361
2355 2362 2361
2355 2356 2362
2356 2363 2362
2356 2357 2363
2357 2364 2363
2357 2358 2364
2358 2365 2364
2358 2359 2365
2360 2361 2366
2361 2367 2366
2361 2362 2367
2362 2368 2367
2362 2363 2368
2363 2369 2368
2363 2364 2369
2364 2370 2369
2364 2365 2370
2366 2367 2371
2367 2372 2371
2367 2368 2372
2368 2373 2372
2368 2369 2373
2369 2374 2373
2369 2370 2374
2371 2372 2375
2372 2376 2375
2372 2373 2376
2373 2377 2376
2373 2374 2377
2375 2376 2378
2376 2379 2378
2376 2377 2379
2378 2379 2380
2381 2382 2388
2382 2389 2388
2382 2383 2389
2383 2390 2389
2383 2384 2390
2384 2391 2390
2384 2385 2391
2385 2392 2391
2385 2386 2392
2386 2393 2392
2386 2387 2393
2388 2389 2394
2389 2395 2394
2389 2390 2395
2390 2396 2395
2390 2391 2396
2391 2397 2396
2391 2392 2397
2392 2398 2397
2392 2393 2398
2394 2395 2399
2395 2400 2399
2395 2396 2400
2396 2401 2400
2396 2397 2401
2397 2402 2401
2397 2398 2402
2399 2400 2403
2400 2404 2403
2400 2401 2404
2401 2405 2404
2401 2402 2405
2403 2404 2406
2404 2407 2406
2404 2405 2407
2406 2407 2408
2409 2410 2416
2410 2417 2416
2410 2411 2417
2411 2418 2417
2411 2412 2418
2412 2419 2418
2412 2413 2419
2413 2420 2419
2413 2414 2420
2414 2421 2420
2414 2415 2421
2416 2417 2422
2417 2423 2422
2417 2418 2423
2418 2424 2423
2418 2419 2424
2419 2425 2424
2419 2420 2425
2420 2426 2425
2420 2421 2426
2422 2423 2427
2423 2428 2427
2423 2424 2428
2424 2429 2428
2424 2425 2429
2425 2430 2429
2425 2426 2430
2427 2428 2431
2428 2432 2431
2428 2429 2432
2429 2433 2432
2429 2430 2433
2431 2432 2434
2432 2435 2434
2432 2433 2435
2434 2435 2436
2437 2438 2444
2438 2445 2444
2438 2439 2445
2439 2446 2445
2439 2440 2446
2440 2447 2446
2440 2441 2447
2441 2448 2447
2441 2442 2448
2442 2449 2448
2442 2443 2449
2444 2445 2450
2445 2451 2450
2445 2446 2451
2446 2452 2451
2446 2447 2452
2447 2453 2452
2447 2448 2453
2448 2454 2453
2448 2449 2454
2450 2451 2455
2451 2456 2455
2451 2452 2456
2452 2457 2456
2452 2453 2457
2453 2458 2457
2453 2454 2458
2455 2456 2459
2456 2460 2459
2456 2457 2460
2457 2461 2460
2457 2458 2461
2459 2460 2462
2460 2463 2462
2460 2461 2463
2462 2463 2464
2465 2466 2472
2466 2473 2472
2466 2467 2473
2467 2474 2473
2467 2468 2474
2468 2475 2474
2468 2469 2475
2469 2476 2475
2469 2470 2476
2470 2477 2476
2470 2471 2477
2472 2473 2478
2473 2479 2478
2473 2474 2479
2474 2480 2479
2474 2475 2480
2475 2481 2480
2475 2476 2481
2476 2482 2481
2476 2477 2482
2478 2479 2483
2479 2484 2483
2479 2480 2484
2480 2485 2484
2480 2481 2485
2481 2486 2485
2481 2482 2486
2483 2484 2487
2484 2488 2487
2484 2485 2488
2485 2489 2488
2485 2486 2489
2487 2488 2490
2488 2491 2490
2488 2489 2491
2490 2491 2492
2493 2494 2500
2494 2501 2500
2494 2495 2501
2495 2502 2501
2495 2496 2502
2496 2503 2502
2496 2497 2503
2497 2504 2503
2497 2498 2504
2498 2505 2504
2498 2499 2505
2500 2501 2506
2501 2507 2506
2501 2502 2507
2502 2508 2507
2502 2503 2508
2503 2509 2508
2503 2504 2509
2504 2510 2509
2504 2505 2510
2506 2507 2511
2507 2512 2511
2507 2508 2512
2508 2513 2512
2508 2509 2513
2509 2514 2513
2509 2510 2514
2511 2512 2515
2512 2516 2515
2512 2513 2516
2513 2517 2516
2513 2514 2517
2515 2516 2518
2516 2519 2518
2516 2517 2519
2518 2519 2520
2521 2522 2528
2522 2529 2528
2522 2523 2529
2523 2530 2529
2523 2524 2530
2524 2531 2530
2524 2525 2531
2525 2532 2531
2525 2526 2532
2526 2533 2532
2526 2527 2533
2528 2529 2534
2529 2535 2534
2529 2530 2535
2530 2536 2535
2530 2531 2536
2531 2537 2536
2531 2532 2537
2532 2538 2537
2532 2533 2538
2534 2535 2539
2535 2540 2539
2535 2536 2540
2536 2541 2540
2536 2537 2541
2537 2542 2541
2537 2538 2542
2539 2540 2543
2540 2544 2543
2540 2541 2544
2541 2545 2544
2541 2542 2545
2543 2544 2546
2544 2547 2546
2544 2545 2547
2546 2547 2548
2549 2550 2556
2550 2557 2556
2550 2551 2557
2551 2558 2557
2551 2552 2558
2552 2559 2558
2552 2553 2559
2553 2560 2559
2553 2554 2560
2554 2561 2560
2554 2555 2561
2556 2557 2562
2557 2563 2562
2557 2558 2563
2558 2564 2563
2558 2559 2564
2559 2565 2564
2559 2560 2565
2560 2566 2565
2560 2561 2566
2562 2563 2567
2563 2568 2567
2563 2564 2568
2564 2569 2568
2564 2565 2569
2565 2570 2569
2565 2566 2570
2567 2568 2571
2568 2572 2571
2568 2569 2572
2569 2573 2572
2569 2570 2573
2571 2572 2574
2572 2575 2574
2572 2573 2575
2574 2575 2576
2577 2578 2584
2578 2585 2584
2578 2579 2585
2579 2586 2585
2579 2580 2586
2580 2587 2586
2580 2581 2587
2581 2588 2587
2581 2582 2588
2582 2589 2588
2582 2583 2589
2584 2585 2590
2585 2591 2590
2585 2586 2591
2586 2592 2591
2586 2587 2592
2587 2593 2592
2587 2588 2593
2588 2594 2593
2588 2589 2594
2590 2591 2595
2591 2596 2595
2591 2592 2596
2592 2597 2596
2592 2593 2597
2593 2598 2597
2593 2594 2598
2595 2596 2599
2596 2600 2599
2596 2597 2600
2597 2601 2600
2597 2598 2601
2599 2600 2602
2600 2603 2602
2600 2601 2603
2602 2603 2604
2605 2606 2612
2606 2613 2612
2606 2607 2613
2607 2614 2613
2607 2608 2614
2608 2615 2614
2608 2609 2615
2609 2616 2615
2609 2610 2616
2610 2617 2616
2610 2611 2617
2612 2613 2618
2613 2619 2618
2613 2614 2619
2614 2620 2619
2614 2615 2620
2615 2621 2620
2615 2616 2621
2616 2622 2621
2616 2617 2622
2618 2619 2623
2619 2624 2623
2619 2620 2624
2620 2625 2624
2620 2621 2625
2621 2626 2625
2621 2622 2626
2623 2624 2627
2624 2628 2627
2624 2625 2628
2625 2629 2628
2625 2626 2629
2627 2628 2630
2628 2631 2630
2628 2629 2631
2630 2631 2632
2633 2634 2640
2634 2641 2640
2634 2635 2641
2635 2642 2641
2635 2636 2642
2636 2643 2642
2636 2637 2643
2637 2644 2643
2637 2638 2644
2638 2645 2644
2638 2639 2645
2640 2641 2646
2641 2647 2646
2641 2642 2647
2642 2648 2647
2642 2643 2648
2643 2649 2648
2643 2644 2649
2644 2650 2649
2644 2645 2650
2646 2647 2651
2647 2652 2651
2647 2648 2652
2648 2653 2652
2648 2649 2653
2649 2654 2653
2649 2650 2654
2651 2652 2655
2652 2656 2655
2652 2653 2656
2653 2657 2656
2653 2654 2657
2655 2656 2658
2656 2659 2658
2656 2657 2659
2658 2659 2660
2661 2662 2668
2662 2669 2668
2662 2663 2669
2663 2670 2669
2663 2664 2670
2664 2671 2670
2664 2665 2671
2665 2672 2671
2665 2666 2672
2666 2673 2672
2666 2667 2673
2668 2669 2674
2669 2675 2674
2669 2670 2675
2670 2676 2675
2670 2671 2676
2671 2677 2676
2671 2672 2677
2672 2678 2677
2672 2673 2678
2674 2675 2679
2675 2680 2679
2675 2676 2680
2676 2681 2680
2676 2677 2681
2677 2682 2681
2677 2678 2682
2679 2680 2683
2680 2684 2683
2680 2681 2684
2681 2685 2684
2681 2682 2685
2683 2684 2686
2684 2687 2686
2684 2685 2687
2686 2687 2688
2689 2690 2696
2690 2697 2696
2690 2691 2697
2691 2698 2697
2691 2692 2698
2692 2699 2698
2692 2693 2699
2693 2700 2699
2693 2694 2700
2694 2701 2700
2694 2695 2701
2696 2697 2702
2697 2703 2702
2697 2698 2703
2698 2704 2703
2698 2699 2704
2699 2705 2704
2699 2700 2705
2700 2706 2705
2700 2701 2706
2702 2703 2707
2703 2708 2707
2703 2704 2708
2704 2709 2708
2704 2705 2709
2705 2710 2709
2705 2706 2710
2707 2708 2711
2708 2712 2711
2708 2709 2712
2709 2713 2712
2709 2710 2713
2711 2712 2714
2712 2715 2714
2712 2713 2715
2714 2715 2716
2717 2718 2724
2718 2725 2724
2718 2719 2725
2719 2726 2725
2719 2720 2726
2720 2727 2726
2720 2721 2727
2721 2728 2727
2721 2722 2728
2722 2729 2728
2722 2723 2729
2724 2725 2730
2725 2731 2730
2725 2726 2731
2726 2732 2731
2726 2727 2732
2727 2733 2732
2727 2728 2733
2728 2734 2733
2728 2729 2734
2730 2731 2735
2731 2736 2735
2731 2732 2736
2732 2737 2736
2732 2733 2737
2733 2738 2737
2733 2734 2738
2735 2736 2739
2736 2740 2739
2736 2737 2740
2737 2741 2740
2737 2738 2741
2739 2740 2742
2740 2743 2742
2740 2741 2743
2742 2743 2744
2745 2746 2752
2746 2753 2752
2746 2747 2753
2747 2754 2753
2747 2748 2754
2748 2755 2754
2748 2749 2755
2749 2756 2755
2749 2750 2756
2750 2757 2756
2750 2751 2757
2752 2753 2758
2753 2759 2758
2753 2754 2759
2754 2760 2759
2754 2755 2760
2755 2761 2760
2755 2756 2761
2756 2762 2761
2756 2757 2762
2758 2759 2763
2759 2764 2763
2759 2760 2764
2760 2765 2764
2760 2761 2765
2761 2766 2765
2761 2762 2766
2763 2764 2767
2764 2768 2767
2764 2765 2768
2765 2769 2768
2765 2766 2769
2767 2768 2770
2768 2771 2770
2768 2769 2771
2770 2771 2772
2773 2774 2780
2774 2781 2780
2774 2775 2781
2775 2782 2781
2775 2776 2782
2776 2783 2782
2776 2777 2783
2777 2784 2783
2777 2778 2784
2778 2785 2784
2778 2779 2785
2780 2781 2786
2781 2787 2786
2781 2782 2787
2782 2788 2787
2782 2783 2788
2783 2789 2788
2783 2784 2789
2784 2790 2789
2784 2785 2790
2786 2787 2791
2787 2792 2791
2787 2788 2792
2788 2793 2792
2788 2789 2793
2789 2794 2793
2789 2790 2794
2791 2792 2795
2792 2796 2795
2792 2793 2796
2793 2797 2796
2793 2794 2797
2795 2796 2798
2796 2799 2798
2796 2797 2799
2798 2799 2800
2801 2802 2808
2802 2809 2808
2802 2803 2809
2803 2810 2809
2803 2804 2810
2804 2811 2810
2804 2805 2811
2805 2812 2811
2805 2806 2812
2806 2813 2812
2806 2807 2813
2808 2809 2814
2809 2815 2814
2809 2810 2815
2810 2816 2815
2810 2811 2816
2811 2817 2816
2811 2812 2817
2812 2818 2817
2812 2813 2818
2814 2815 2819
2815 2820 2819
2815 2816 2820
2816 2821 2820
2816 2817 2821
2817 2822 2821
2817 2818 2822
2819 2820 2823
2820 2824 2823
2820 2821 2824
2821 2825 2824
2821 2822 2825
2823 2824 2826
2824 2827 2826
2824 2825 2827
2826 2827 2828
2829 2830 2836
2830 2837 2836
2830 2831 2837
2831 2838 2837
2831 2832 2838
2832 2839 2838
2832 2833 2839
2833 2840 2839
2833 2834 2840
2834 2841 2840
2834 2835 2841
2836 2837 2842
2837 2843 2842
2837 2838 2843
2838 2844 2843
2838 2839 2844
2839 2845 2844
2839 2840 2845
2840 2846 2845
2840 2841 2846
2842 2843 2847
2843 2848 2847
2843 2844 2848
2844 2849 2848
2844 2845 2849
2845 2850 2849
2845 2846 2850
2847 2848 2851
2848 2852 2851
2848 2849 2852
2849 2853 2852
2849 2850 2853
2851 2852 2854
2852 2855 2854
2852 2853 2855
2854 2855 2856
