0.39129213672327734
0.38955607625917293
0.3886662298549288
0.38841798572417374
0.38860673208053614
0.38902785713764393
0.3894767491091277
0.3900908331702843
0.38844089186013137
0.38770775922054046
0.3876868234651403
0.38817347280755915
0.38896309546142416
0.38940627742525386
0.38800813022843583
0.38759738631288154
0.38796943389221955
0.38891966118007815
0.3891650297888001
0.3881843516647005
0.3882616714325662
0.3891923773060255
0.3892936505615371
0.38889611646953914
0.38962717488020787
0.38971870004407816
0.390069984943566
0.3903667385370395
0.3913091996879767
0.3929944395318616
0.3946854487313182
0.39592065872155935
0.3962385009377977
0.39517740681524527
0.3922758077891168
0.39502790877696964
0.3963645179819154
0.39749464056413564
0.3979567079588431
0.3972891516012502
0.3950304029265684
0.3962822591648916
0.3971993478616253
0.397697693957336
0.3973157288872366
0.3955918840865394
0.39592319809250004
0.39634987641174857
0.39614555615167674
0.3948486687474971
0.39480167280055206
0.3946670508730422
0.39368917438791445
0.3937686305298043
0.39300181848626375
0.3936750185210161
0.3838920705085345
0.3856164041421468
0.38673573059353156
0.3871644813732644
0.3868170879919206
0.38560798196007495
0.3834515947883048
0.3853787578615113
0.386897284315713
0.38765697404127275
0.3875722585487661
0.3865575693487684
0.38452733795185345
0.3859333394380106
0.3872230031493349
0.38760000058560284
0.3869787632573899
0.38527372267527127
0.38578493974887906
0.38682268515385926
0.38679393473736856
0.3856131200099823
0.3851626833049633
0.3859254548401324
0.38546790100741607
0.3842956946171093
0.3847604367190013
0.38341309819616565
0.39570869507381684
0.39248388961066505
0.3892828255889792
0.38684713508148216
0.38591845016089715
0.3872384028999465
0.3915486253713553
0.38907259369175773
0.38702940734537616
0.3851051055841453
0.3840413204807884
0.38457968410802845
0.38746182853858707
0.3867815502719279
0.3859469212963694
0.3853263200496468
0.38566137860448313
0.38769372903360116
0.3872146234628955
0.38761549011221336
0.38832552763405204
0.39008636810113434
0.3887508719132286
0.3904141724414758
0.3924817869859285
0.3897693542714948
0.392722026932725
0.38864912918626415
0.3804697274948615
0.37303975662123495
0.3711822374464985
0.3730323117950496
0.37672512149128573
0.3803958083596037
0.38217951422440294
0.3823308312838604
0.3741859484778528
0.3725126662772976
0.3754461265065926
0.381121470990135
0.38767384155232076
0.3813809298123172
0.3731392973994383
0.37226841449857445
0.37690342293412316
0.3851794645304815
0.3793454563316807
0.3716252366374405
0.3721749153617778
0.37912963432908975
0.37794984409339955
0.37136919944330776
0.37395760211835577
0.37891952634892184
0.37409661906848907
0.3839799363496982
0.4311020153822976
0.43436180480103487
0.42981898994597434
0.4219429398113031
0.41520302339120807
0.41406860967987547
0.4230090676714946
0.4134598959678903
0.42228347444708647
0.421255267274619
0.41484464344467475
0.4075209719514407
0.4037536217891022
0.4099502071217285
0.4223547030032484
0.4228582318552385
0.415930162671886
0.40603986444737744
0.4144271233095061
0.4284296649352144
0.4284820581535269
0.4190536719586304
0.42074481899691674
0.4343625347086779
0.4319809206351771
0.42275746864965347
0.434007486789333
0.41431924673341214
0.38991664952673377
0.3745631208404584
0.36546981428767306
0.3622691570269986
0.3645935762170556
0.3720754990164643
0.3843473525838472
0.3790857363266707
0.3595481433673059
0.3504878101859834
0.3515371639413242
0.36232863179194885
0.38249464089647667
0.37406281714674017
0.35409239051594094
0.3488162613077365
0.3578668566807477
0.38087660379359495
0.37332674330756394
0.35667471360698555
0.3589340189735543
0.3797370865658907
0.37535636612976375
0.3657739639610611
0.3793199345040579
0.3786305369339607
0.37986899289878967
0.3816281070407785
0.40604998095859035
0.40444642975046813
0.39771885982531946
0.38972696082855735
0.384330422405595
0.38538893420184483
0.39676218586272216
0.38652387771617747
0.3906796877762622
0.3881654781530871
0.38284093849206513
0.37856575843860957
0.3791996276381319
0.38162681176070756
0.3898556686772579
0.3898685049443149
0.3855250102072918
0.38068487411160146
0.3853341401586568
0.3959497295199314
0.39680329726547925
0.3917545330407133
0.3916212199765013
0.4029372273707586
0.4029452121830556
0.3944634082807165
0.40479351929621593
0.38783606213778055
0.46228984672444146
0.4466160966243674
0.43566307949810884
0.42992234320390893
0.42988543560001063
0.4360439045446563
0.4488892978960912
0.4395015031599102
0.42833210190945353
0.4214563738799414
0.41936586692961697
0.4225521289167233
0.4315067076995015
0.4319603725061096
0.4254518123327152
0.4228098656273944
0.42452608024839045
0.43109200405394604
0.43389626220305777
0.43220503533417065
0.43395336218048625
0.4396327906002473
0.43953897969077294
0.44282157835383784
0.4491166709792343
0.44311833240927245
0.45153124883173523
0.43886412779857686
0.39685620449642317
0.4008883615614017
0.4013486160585316
0.39953878448688857
0.3967606833455482
0.3943161291335855
0.39350693835007816
0.38859209977315445
0.39998448174186063
0.40346968107006026
0.40034951425682924
0.39192579780124304
0.3795003482023757
0.38787383183593765
0.4030994819283117
0.4060826693075215
0.3981252104726428
0.3805289219227509
0.3911104732193986
0.40664243465538097
0.4055966533055412
0.3892749456689547
0.39471109645816294
0.40702241245769366
0.3984207055987443
0.39508477408685566
0.40064848786987584
0.3886405786401045
0.41217062014760986
0.41313105381290244
0.4099230110951313
0.4051331622279765
0.4013481774451181
0.4011547269802351
0.40713948106700965
0.40092685312971355
0.4057001395271057
0.4049852178811636
0.40136875842556735
0.3974374313939967
0.39577790702013005
0.3984425462956506
0.40567448538396905
0.40609848476868265
0.4023012146834715
0.3968693453620152
0.4010027926917289
0.40933918442980033
0.40954790480399633
0.4042156240479966
0.40489268536425616
0.41297932971090706
0.41161857103341176
0.4063973173595395
0.4128800142735973
0.4018017817238886
0.4139779633682905
0.41872937941844446
0.42038464301457074
0.4198368444871756
0.41797907416676516
0.4157044223838447
0.41390597946892255
0.41349876690966425
0.4207977532017235
0.4232174589323926
0.4216509744321777
0.4169913900315847
0.41013179606111816
0.4142480395836921
0.4225271443456863
0.4241438404389276
0.4199912181939223
0.4109623679411762
0.4153904976218792
0.42308226908183777
0.422328503765681
0.41402229200391444
0.4160908572557305
0.4216278436416829
0.4169361651441569
0.4155138347167503
0.4173285842567267
0.4128241462364458
0.4034676922851266
0.4029107675831324
0.40034431186735936
0.39730660912731375
0.39533594335250194
0.39597059853242944
0.4007488586566047
0.39681547995992833
0.3976871357614655
0.39641396572098664
0.39453425382799795
0.3935862840720057
0.3951083404425147
0.39518620119393916
0.39718027144844387
0.39689422103269517
0.3958663339361995
0.3956348941484628
0.39653617722946655
0.3993464958863749
0.39974139904479256
0.3992591706942256
0.3988217293088177
0.40214213031756557
0.40291182099958545
0.3999991786742994
0.4035234959843238
0.39802484656822107
0.4241717514349523
0.42054172287772623
0.4169895931817315
0.414235097409499
0.41299797062355925
0.4139979478864424
0.4179547642606813
0.41537409268971703
0.41370242172383576
0.41162495086794487
0.4098614151845751
0.4091315497362571
0.41015508958551994
0.41267197156845276
0.41286103181372025
0.41216059341773703
0.4112903914430339
0.4109701609521414
0.41363720207883525
0.41558936715505546
0.4161683348387839
0.4160938401925511
0.41584159822854033
0.41945924175551697
0.4212199891387606
0.416856974025243
0.4220424696227808
0.41425514347662123
0.3957319736134307
0.39637766978450084
0.39537310643379947
0.3935978533746142
0.3919314804202326
0.3912535573839415
0.39244365407903053
0.38915829024838783
0.3941539535792602
0.3953297510861163
0.39356525258224384
0.3897400278809302
0.3847336467954614
0.38790137339826325
0.395364015368773
0.39683718521302186
0.3932004527442974
0.38533338777588677
0.38962310882882
0.3976697409188025
0.3975572945802793
0.39016533962653765
0.39198538230582103
0.39873301599511135
0.395151964953651
0.3926500795950288
0.39621572636346286
0.3892790864622082
0.3968617870914543
0.39342028944435753
0.3886342997191603
0.38429683258757574
0.38220090272131685
0.38413952479209607
0.39190571347162845
0.3869710983297132
0.38404312975361954
0.38058297861660917
0.37838365959039527
0.3792381873466908
0.38493957655720723
0.3839599679951453
0.3820774197097371
0.38047499838059595
0.38094571867943505
0.38528259527796715
0.3851861224799266
0.38488088570488627
0.3856680854032968
0.38934073624687093
0.3880072881762331
0.38981125413124285
0.393519966076887
0.3897811914762401
0.394226251380983
0.38786555877212564
0.3912790195371789
0.39034603822712977
0.39038725926627105
0.39093730199677296
0.3915307857608055
0.39170232990053816
0.39098655375814306
0.3911364570335847
0.3897263327731353
0.3895266636883914
0.3900720691215231
0.39089716841470035
0.39153658091009164
0.390760887058816
0.38913597568417113
0.3889577723117466
0.3897608962837127
0.391079966942239
0.39035111309416354
0.3887737704415278
0.38887938861762733
0.390202586964632
0.39010593862091775
0.3888385205264955
0.3894903160873234
0.3902241671203684
0.3895290294203651
0.390904602073808
0.39567368682488746
0.3911668371559951
0.38865545656933764
0.38789594769764585
0.3886447131736503
0.390658155630081
0.3936926776996706
0.3914617532744059
0.388446499391936
0.38723751211128765
0.3875911940651917
0.38926394788637864
0.3920121762075778
0.3895952155135441
0.38783349951440454
0.3876888476366733
0.38891766251308113
0.3912763467763584
0.3894099673420019
0.38866373132310067
0.3893453569451945
0.39121124684101377
0.39024190255947916
0.39027308861772403
0.3915429338365506
0.3914269149656751
0.39199746519797485
0.3923008983602916
0.3921071730407303
0.3925949470273247
0.3923908419114044
0.39176596344036013
0.390991417361583
0.3903383094224631
0.39007774537039347
0.39105189772080895
0.3915780272469704
0.3915100934879456
0.3911192021911256
0.39067645910390125
0.39045296997366197
0.3909128110680269
0.3913481729168726
0.3912872872978609
0.3910012599583826
0.39076119664582837
0.391266755660186
0.3914822266148337
0.39129926591895237
0.3909889793199329
0.39169057407508817
0.39155703091865496
0.39112287192902134
0.39176110889053456
0.39114942840613875
0.3910552026843292
0.4229798798887514
0.4099847771324078
0.39610399691066767
0.38524216442594295
0.3813039048806452
0.38819384347718533
0.4098166054179772
0.3953061941780089
0.38430463682725446
0.3743202199818976
0.36925756884434985
0.3730213086170229
0.38951606450232673
0.38680481743443584
0.37926837446535683
0.3746518899724692
0.3768599891581845
0.3897972972249143
0.39018075085360016
0.3875809912422827
0.3898040080779504
0.4007544265630146
0.39813899563106947
0.4019474883535995
0.4124815754939083
0.40338455296241094
0.41507286699487533
0.3986224240431945
0.3913510916334966
0.39129775560297975
0.3913769735351041
0.39153113474791273
0.3917026285594488
0.39183384428775464
0.39186717125087533
0.390855526702666
0.3915074714753085
0.3918878837042275
0.3919391527074662
0.3916036678030675
0.39082381830907303
0.39069258320325284
0.39178493435711514
0.3922016664608893
0.3918851688326184
0.39077783079034534
0.39076555314023287
0.39203343625337556
0.39222161381006526
0.391272475128345
0.39097772851858187
0.3921562691690651
0.3918510177567306
0.3912324013432747
0.3920567251091598
0.3914328636192893
0.391321464680615
0.39165150137122107
0.3916633542355699
0.39143382892104933
0.39103973107504714
0.3905578663449506
0.39006504037814954
0.3909442596479641
0.39103524435602754
0.39094236748574795
0.39074243468451325
0.39051225159971104
0.39032862387872785
0.3907733250934302
0.39081167342685036
0.3908004824298417
0.3908165577497922
0.3909367050340893
0.39074042234650047
0.39091254991317675
0.3911694603973384
0.39158795944637304
0.39077731273666194
0.3912696351444935
0.3919810627177245
0.39081575759340104
0.39181469045028794
0.39078751824620683
0.3913865183229332
0.38971250436073424
0.390152806376727
0.39166321843208196
0.3931995345879695
0.3937175489055595
0.3921730554460243
0.3930199337606958
0.3898827140741371
0.38957228353526585
0.39104443620525253
0.3932549661452675
0.3951596674164796
0.3934855996411207
0.38957629258658766
0.38920624784923774
0.39133125949024156
0.3949071215707691
0.39322653596657386
0.38923625990045196
0.38949771932100885
0.39296670828941477
0.3926857627394216
0.3893056360180959
0.39088971795294464
0.39230629996202904
0.3902274409418859
0.39253116763676466
0.38933039572703093
0.39062846362938247
0.390858596344776
0.3904237411811715
0.3897268454465289
0.3891708564488074
0.3891587214959688
0.3904332387275777
0.39166778889550613
0.3916755606901505
0.3908595014194708
0.3896225583914267
0.3883676789139766
0.3905219666963502
0.39171069394535185
0.39151379963474336
0.3903342310724846
0.38857493556653516
0.3900603139240558
0.39122091306962703
0.39083704746926196
0.3893116644309201
0.38951201470140173
0.3906621805590387
0.3901090384844129
0.38934080331909465
0.3904982307042943
0.3900104140678438
0.3970185627400992
0.39560245911077246
0.394546955640141
0.3938382568381851
0.3934625672148852
0.39340609128022114
0.39365503354417536
0.39384255243377514
0.3943050832616337
0.3940246271506561
0.3929873886108226
0.39117957215211363
0.38858738228450795
0.39318951987188405
0.3949874164745618
0.3949387390408717
0.3930296920807943
0.3892464801043097
0.39382180250330223
0.3964117961984328
0.39605162875966404
0.3927275046969761
0.39450173777690584
0.39734055988212286
0.39612563375590876
0.3939916631415704
0.39653604497450823
0.3910539160461742
0.38948963041944484
0.38888077407589583
0.3874241899849618
0.3858942829295616
0.385065457692614
0.38571211905703723
0.38860867180575204
0.3857404874491818
0.38576605751579607
0.3849491773911725
0.3840642518582301
0.3838856856998876
0.3851878836990624
0.3848436025177679
0.3853548532528237
0.3850289313527891
0.38464024160058297
0.3849631887791239
0.3856728856500932
0.38652107131186914
0.38653736189470195
0.38649616218151017
0.387102246871048
0.3881386217178222
0.38834837904180053
0.3880055962055218
0.38908141449557354
0.38725684367840674
0.3849487929577455
0.3819949045142257
0.37767736852271755
0.37383783481012306
0.3723179532033441
0.3749593735292821
0.383603745614841
0.3782604213974143
0.37527855554880063
0.3723810380175089
0.37140951863044114
0.3742056472144992
0.3826110735965837
0.37607582677372725
0.37344156624311614
0.37233964989513724
0.37461172755669264
0.382099449054684
0.37690366549231086
0.37499259300279875
0.37606186056122914
0.38195311799450377
0.37925259395879135
0.3784402922334744
0.3820563264214102
0.3816312685787944
0.3822933203407699
0.3825483457579485
0.40589777872568067
0.4074095638206649
0.41019529429904855
0.41298193761405366
0.41449646121890227
0.4134658325668157
0.40861701911101805
0.4126767346446215
0.4126343817439665
0.41401587760527025
0.4155481896817549
0.4159582854266423
0.4139731322931531
0.4145430246159637
0.41331313336903863
0.4136569942626317
0.4143015747499651
0.4139738422842605
0.41342200198380274
0.41137117203997686
0.4110439976152285
0.41116744616277956
0.41123902009223384
0.40873385110087623
0.40810224100715536
0.4099194322853517
0.40732652389583235
0.41138859190725385
0.40172712837894126
0.3995728833402211
0.3989368609594277
0.3993174148259982
0.40021289852936953
0.40112166565897794
0.40154206980426244
0.40350314928771924
0.3992810923571781
0.3979590730608137
0.3990354449880629
0.40200856172836275
0.4063767768711484
0.40330816027387434
0.39804020287923725
0.3970540980950266
0.39984819951067946
0.4059208607156325
0.4021550330450508
0.3968630866140427
0.3972348077697108
0.4027685501014919
0.40105663930889274
0.3967626152692384
0.39951407379250975
0.4010258507730436
0.3987516605524686
0.40307553914514965
0.38943207168402
0.3878303762307381
0.3872885894855109
0.38757410257509817
0.38845430662625974
0.3896965927657546
0.39106835212034463
0.3924423184797493
0.3877333726590022
0.386133077010783
0.3874088226618513
0.391328000738967
0.3976580023688882
0.3924871394557152
0.38614232425490397
0.38495490069109367
0.38869225989104417
0.39712179298151484
0.39109515821435975
0.38458585462088557
0.3852826841288854
0.3929530378651187
0.38979499835812526
0.38459258735938895
0.3886450509265996
0.3901152834894532
0.3876911460728566
0.3935846372107876
0.3971919315806203
0.3930353223921123
0.38843436144202287
0.3848050508404797
0.3835633926976103
0.38612538912354144
0.3939070422284028
0.38560292000496604
0.38542022168410295
0.38368602057121604
0.3818163187764329
0.3812271184098809
0.38333442158168624
0.38251297878211526
0.38506471195572217
0.38495779130686275
0.38360821894566466
0.382431996982255
0.38466632682376184
0.38871301211866377
0.3889938925606569
0.3869249702598685
0.38880718304159945
0.39310934108462126
0.39253854324429166
0.3916797663473212
0.39499791776528875
0.3900282956526228
0.4014074203684522
0.3956432593902627
0.38926773017796923
0.38443398186861966
0.3832951635992618
0.38800442450694295
0.40071491372871304
0.39025166025494984
0.3857446104841822
0.3819014750674226
0.3808754031417189
0.3848195438441189
0.39588704631166916
0.3868645449905218
0.38359663994875914
0.3822679318491165
0.3850315698286418
0.3940407030243826
0.3886415729788216
0.38659484618764706
0.38776259892670445
0.3942979803330415
0.3929782426235026
0.3921347276044991
0.3957809747038393
0.39727005232821755
0.39761178260296887
0.39891250049662197
0.40590456573775274
0.40331618677806447
0.4001870493725351
0.39771441841421434
0.397095558796152
0.3995277354113972
0.40620821315300176
0.39988495757440184
0.39837132555447885
0.3966813787846709
0.3960123821580278
0.39756160056759926
0.4025262989064335
0.3981939899601959
0.3975256856549977
0.39704551029587065
0.3979507287758647
0.4014386059880293
0.39931788219869147
0.39926548638317755
0.399765663209691
0.40201567757128126
0.401742853593445
0.40207694704257474
0.4033280568296877
0.4039551234480124
0.4044462869367459
0.4044409110659522
0.4213603154440793
0.4199889855171631
0.4239275665488588
0.4300073598535442
0.4350596667455971
0.43591578853939444
0.42940702654931634
0.4419456463817397
0.42897856993434136
0.4270238387044833
0.43291275400654344
0.4434766171548996
0.4555467294639277
0.44586613290507515
0.4261265360550195
0.4231017186814327
0.43362298209869266
0.4545216276211768
0.440379834801384
0.4186909436664962
0.4194192662670057
0.4393961039172901
0.4327448118579646
0.4139298525560694
0.4232345412484999
0.4302191238621146
0.41910132251103804
0.4400608306011348
0.39413548517684294
0.40074676556120176
0.4103837530990373
0.41933156689490464
0.4238753260533587
0.4203001496789537
0.40489115687624677
0.4167605842391597
0.41901968214806556
0.42440027202249
0.4291874729669879
0.4296664040861141
0.4221221844844223
0.42325847007760886
0.4216565343870826
0.4232718754741166
0.4243896124432659
0.42129486439908503
0.4199546903974047
0.4149828699834671
0.4133241111591316
0.4112635330289526
0.4131747929037613
0.4053242366424331
0.4008825267827483
0.40924432530189225
0.39900618206919486
0.4144888352970138
0.4136695657372543
0.4141082029474669
0.4184816169165841
0.423957310945721
0.42770278833599257
0.4268855523885133
0.4186731064044003
0.4281724613777191
0.4227960236166626
0.4234075775719025
0.42717462654455407
0.43126467383573214
0.4328452227465504
0.43136433397664387
0.4224001431613862
0.42147715901981686
0.4257628848530511
0.43242482396220355
0.4279391074748227
0.41761448552243197
0.4173842852011214
0.4244160098120059
0.42259070581304975
0.4131329746405936
0.4158228800566095
0.42001305293211827
0.4136495344566657
0.4249000727728245
0.4058883408868667
0.40466036403802075
0.4044495297786996
0.4049718326442719
0.4059432671701063
0.4070798278915709
0.4080975093440364
0.4095937625065623
0.40453462020499964
0.4027317880415987
0.40390126055172815
0.4077590322707566
0.4140210977340512
0.4101132113868734
0.40303628748661824
0.40145484127316167
0.40508486728187243
0.41364236004811883
0.4089411222164087
0.40165980057148526
0.4021131241619972
0.41001708752331306
0.40757192968377687
0.401899594148209
0.4062010713967134
0.4075000684775859
0.40525010290539865
0.41021997328644655
0.4139803383046743
0.41704491063723853
0.42267597033081294
0.428177891918139
0.43085504993195817
0.42801181890501133
0.41695257337004216
0.42494446488221693
0.4280231206740214
0.4321476105032166
0.43462230890254416
0.43275159040474553
0.4238398295425606
0.42789321527541957
0.4303654505559016
0.43236286655015504
0.4311898377909216
0.42415073881094245
0.4258693099723129
0.4271146207709101
0.4263644589596593
0.420923199071302
0.4219154694609279
0.4213133518070774
0.41719510821975947
0.4190744142292945
0.4160043641524346
0.4203888647654456
0.401411888229582
0.40609493912476996
0.4117962802843418
0.41657436798907405
0.4184876585197434
0.4155946081571257
0.40595367318199976
0.41239259989777016
0.4169321046743244
0.4212673335997955
0.4234567429549602
0.42155878902059496
0.4136319280774749
0.41578472491948465
0.4193446714371285
0.4214777759882224
0.4202424948535429
0.41369728431386643
0.41441996580954
0.41616434192799706
0.41525930996443716
0.40976332619963657
0.41113002508275076
0.4102228186617442
0.40544363804325356
0.4087466052539307
0.4043518041531847
0.4101014088378963
0.41400462992808174
0.4096129004672497
0.40676618778634605
0.40549131566583774
0.40581510788619174
0.40776438822787425
0.4113659804713545
0.40791629727269363
0.4069309084801159
0.40629492160860026
0.40603516043861354
0.4061784487506227
0.40675161032509327
0.40571031648058486
0.4070090307278009
0.40746153203721264
0.40709464418928704
0.4059351909644907
0.40603144837775096
0.40849202803630036
0.408910779898179
0.40731452774385357
0.40752445379018754
0.4100246612316095
0.4092874260174942
0.4088340935438894
0.41025169113972415
0.4086051284648541
0.4324306336919917
0.4382489196842075
0.4473601589372425
0.45592579391196925
0.46010726706926003
0.45606602086998654
0.4399634977750235
0.45668949387549346
0.45413745598810845
0.45723749388026996
0.4621510500128505
0.4650395668467223
0.46206448684275625
0.4628716951207117
0.4546571939517131
0.45445389108098844
0.45842322896941
0.4627266500778501
0.4581233310907191
0.44695422723809436
0.4461554442024707
0.45188842444472027
0.44959049544858837
0.4381746495103244
0.4394882469077887
0.44441928185739127
0.43546455443147636
0.4497557839802029
0.4139655398798067
0.41320082752388554
0.4145028488650529
0.41671197529502163
0.4186685782055044
0.4192130289882132
0.4171856990348631
0.4234303410579471
0.41687227361881796
0.4156665579280144
0.4186535653772493
0.4246736673582353
0.4325672352626835
0.42491317255462946
0.4149710647217474
0.413666926688428
0.4198411298463842
0.43233404558732835
0.4219979828360541
0.41108114929887435
0.4120879036124943
0.4238586171686265
0.41826872036842133
0.4087864758163987
0.41451343716641276
0.4173093336179307
0.4116709927405212
0.42270377105078466
0.4241317147079301
0.42632886918904334
0.43086471706750096
0.4355954979151948
0.43837745130401656
0.4370668168058573
0.429519833992611
0.439903339812557
0.4346554712893944
0.4348706248407836
0.4384050400386165
0.44311495645478477
0.44685661366117857
0.443545419720095
0.43366528746025546
0.4323725059521753
0.43752331476774636
0.44697395347886
0.4400618483060702
0.42836221157715293
0.42837425427720244
0.43795421597811024
0.4344565194460087
0.4237501375156125
0.4278797636913904
0.431733327015436
0.42483295915116087
0.43689616488988053
0.5156971661599639
0.5187169081137317
0.513477589565196
0.5045830157852285
0.49663699204470096
0.49424332361448464
0.502005815765454
0.49176458455986316
0.5034292480352927
0.5029168380132244
0.49483115976453024
0.483776018560082
0.4743552196707495
0.4870899501051841
0.5044345539045393
0.5056840712112026
0.495442307296046
0.47831306742994084
0.49308810864443464
0.5131476715699799
0.513194135007639
0.4978313042282834
0.5011739060261229
0.520983446880122
0.5168618752510404
0.5027621880987561
0.5193567256834739
0.4892678007108445
0.4627412441339315
0.4797007776812638
0.4934417970996325
0.5016477025135804
0.5020018940476502
0.49218777182638357
0.4698887359743259
0.4817389831967275
0.5022200286638309
0.5142150370675189
0.5154074085323344
0.50348054318282
0.47611784114351624
0.4892525403433766
0.5094528641610869
0.5158996279809303
0.5062762319274493
0.4782660761251864
0.4888280208781614
0.5049453894773147
0.5020416751441493
0.4778002780032074
0.48401153010536424
0.4922437099167964
0.47618728386145764
0.47834917332926674
0.47489393078381453
0.47538705585415403
0.4214164489104371
0.43124474339661223
0.440124596051956
0.4461342636802467
0.447352003085263
0.4418560710707825
0.42772472444058596
0.4342674314491723
0.44592528222564864
0.4534371727113191
0.4548813597099622
0.4483361000253562
0.431879650461278
0.43946597579421176
0.4506581004228838
0.45450674630077537
0.4490901702316651
0.43248662901933116
0.4393927661554385
0.44782388219820063
0.4457140010302078
0.43114137945523834
0.4364284867427353
0.43980331176148174
0.4294396211094986
0.43295382176598446
0.42897707332261054
0.4313494554350711
0.4469042584808151
0.45123607786606945
0.45861662281769233
0.4658810975441264
0.469864706253814
0.4674026531551969
0.45533014245672004
0.4697266552614974
0.4644903550344148
0.46587944772455353
0.470729137540356
0.47587462869026464
0.4781511253827202
0.47535973886762484
0.46394419673153736
0.46273071486352374
0.4685544974720266
0.47825074876548807
0.47078243030521494
0.45657652396345455
0.45614934524062056
0.4663360983451554
0.46297365058028506
0.4493662577361835
0.45311425986186077
0.4589123206988517
0.4492923190557418
0.46557736166693486
0.38223570817956376
0.371122565458026
0.3648798985464027
0.36324327623549646
0.36594826731611
0.3727304405790455
0.3833253648151074
0.3837946709036959
0.361355251564769
0.3516249568107563
0.35433935543246053
0.3692340162206843
0.3960445079662288
0.3818368373172662
0.3543363150536995
0.34738356615004684
0.36071415939711093
0.39406366358569417
0.3787611692897341
0.3524647177942771
0.3545546884337339
0.38476664999890686
0.3769666286905588
0.3581394216559607
0.3755372855312761
0.3788521773891991
0.37375938850821006
0.38681677725511626
0.39714294726514165
0.39295086859693085
0.3900512655715888
0.3887291623437903
0.38926958306821
0.391957551899522
0.39707809299240304
0.3968232726518316
0.38822392453201704
0.38417451906121247
0.38496008039409274
0.39086563268533236
0.4021762000896047
0.3957709459620296
0.3851764548489395
0.38238937339100054
0.38769472574288766
0.4013775360592753
0.3946848853017049
0.3845073776536674
0.3853947466669223
0.39763201649614416
0.3942640087768266
0.3869156110521697
0.39388955699494627
0.39520723449336315
0.3931000731504158
0.3982134805572858
0.42352801266048046
0.41213440923009625
0.4009189626780974
0.3924919376894511
0.3894635989491246
0.3944442111420841
0.410044038953299
0.39073580274394953
0.3932436663341068
0.3898308977422238
0.3831077616532677
0.37568452275220554
0.3701714457240028
0.38201870818182704
0.3941342659553949
0.3942304024864967
0.38491738246009977
0.36880547056117086
0.3876047870035277
0.4050342661233752
0.404345534940331
0.3881488581393619
0.3977220972384662
0.4161717248674621
0.4104043531331406
0.4025986969160565
0.4177747002170708
0.39246264406571535
0.40139380486318105
0.39823208837625895
0.39893542176838365
0.40175406763994687
0.4049382885913401
0.4067383472229543
0.40540450613518325
0.4128257821189557
0.4006289978710402
0.39722681880285693
0.4008695075147974
0.40980732660725305
0.42229053868061406
0.41445743643175936
0.39736514111251775
0.39399700627369355
0.40260329451567833
0.42143426843886345
0.4107275094015846
0.39287925970068405
0.3936847257808861
0.41139417024258207
0.40607474262842375
0.39161009523553125
0.4007287189244264
0.40493787771226875
0.39799638931705217
0.411755656253114
0.4545785391280743
0.44497281070693073
0.43505176773290677
0.42802883635952055
0.42711744274029007
0.43553101302873265
0.4564829733783687
0.4364992884683474
0.4289445796595145
0.4224764499733675
0.42030832556342446
0.42565363258320343
0.4417257971862208
0.43148981172562384
0.4260464066487342
0.4230914743700967
0.42583844104322954
0.4375007328216504
0.4350534090348351
0.43178159180952136
0.43240014105802604
0.4401224829338669
0.4426933805309124
0.44165343527680695
0.445905750172086
0.4499130263487864
0.4511652371855227
0.4522156466233907
0.49416484352322293
0.476893309105878
0.46597853915738235
0.4621376637503623
0.4660878129574442
0.4785461168512536
0.5002297055044191
0.4862246661451398
0.4654593873073285
0.45629931671332846
0.4594615844357661
0.4756633205472677
0.5056216551204575
0.48094038601207795
0.4593971214294732
0.4547075088656418
0.46758867839321017
0.4987577600848042
0.4791435618711483
0.4595380702194234
0.4620346743614337
0.48735050436980537
0.4816657524694619
0.4667137924242894
0.47911237194781414
0.48933851655412886
0.4817558467911829
0.5029934128722625
0.4109958139781762
0.40884766010449447
0.407175453738902
0.4063581410324727
0.4067746681362805
0.4088039812013986
0.41282502637890306
0.41013043782436875
0.4082318668834736
0.4074225045714486
0.4080812970393677
0.4105871904383046
0.415319130919332
0.4092728188621387
0.4075241799536592
0.4074780107948307
0.40951325753672724
0.4140088663304224
0.408822553777112
0.40712419600067734
0.4077415690946745
0.41105361921017725
0.40917923925491473
0.4074315117101538
0.4086127761566053
0.41074247198117203
0.40884572376771466
0.4139118486415121
0.4034892611006384
0.4036266068815159
0.404197880596959
0.4049833071915495
0.4057631116098695
0.4063175187965001
0.40642675369602543
0.4068504108009469
0.40605402749128006
0.4063589050672518
0.40754526847344413
0.40939334265443894
0.4116833525548167
0.40749153895575435
0.4059269313951479
0.40613091767125314
0.40788372272865214
0.41096557151192653
0.4067238073397838
0.4045564803678427
0.4048250801836863
0.40730983173189644
0.4058583777277584
0.40325383618408717
0.4037525543792737
0.40620641189440043
0.4033301606186048
0.4090790716144353
0.4034638355343969
0.40599873954936155
0.40908829579776407
0.4116682188812201
0.4126742234013454
0.4110420239597548
0.4057073351580661
0.4107923750550295
0.41067254464796915
0.4117652422053691
0.41300618232884495
0.41333107962001225
0.41167564868048523
0.4129849733892443
0.4110365427839418
0.4109585158741219
0.41168660726140033
0.4121565315473924
0.4119233486855343
0.40897245210577254
0.4085498349525157
0.4095912118273792
0.4094892190923925
0.406361990761954
0.40642091758904275
0.4075643027583111
0.4050868769009797
0.4080303178317854
0.39769180352628297
0.3988604353425168
0.40004516702015575
0.4008109451521501
0.4007227163314503
0.39934542715100596
0.3962440242037697
0.39778268397957833
0.4010063109363027
0.40278178884618343
0.402674064302171
0.40024808389721567
0.3950687942242663
0.3979994486824737
0.40220094653598426
0.4034900464344025
0.4014316949706789
0.3955908387377635
0.3981495494132065
0.40225179391979893
0.4019773915630504
0.3968912889359109
0.398040437950014
0.4009663048659837
0.39805127601036366
0.3974795660711326
0.39815193115277614
0.39627438555480177
0.4469426322165563
0.4414646401514416
0.43836591038771167
0.43781416535317796
0.43997712747565204
0.44502251918294444
0.4531180629028691
0.45024427452967947
0.43881513723777565
0.4344560332569325
0.4373346850149616
0.44761881493967426
0.46547614545888033
0.44977911486855415
0.435212106205475
0.43240590186313244
0.4415282242693381
0.462746795851903
0.4479655834085632
0.4330739772299226
0.43463394638169445
0.45281321329169005
0.44722211032508946
0.4348191804865009
0.44355859698800065
0.449967125793515
0.4428661461505932
0.4586190599892249
0.46261323351411127
0.4597673508538448
0.46005143352267747
0.46242971960048446
0.4658664471671411
0.4693258543025217
0.4717721790865041
0.4767508536134819
0.4625280849861924
0.4583869390712306
0.4632916539484719
0.4762064676977913
0.4960956183990625
0.4790147504193966
0.45826831848541494
0.45455516664698964
0.4668395329839961
0.49408565557630924
0.475038261981335
0.45262138940099217
0.45418945429943436
0.47870669475653654
0.47045472634877655
0.4512206357824033
0.4629231400780435
0.4708974815712001
0.45969939567912826
0.48199986569808767
0.46268919650505896
0.4688648612277115
0.4820612972441873
0.4958362832906273
0.5037475981031724
0.4993530204179626
0.4762103289711415
0.5021176859625804
0.49446882993143804
0.49846879274510747
0.5076753531397298
0.5156462898514458
0.5159393816163945
0.5113575531577853
0.49453742296503567
0.49399415916808653
0.5032855405030789
0.5159693457061534
0.5027572993856292
0.48141914162346017
0.4809858978080802
0.49501534667563
0.4886654259410677
0.46746248720166683
0.4717925099600433
0.48143043411905545
0.4650159609946113
0.49340082521455064
0.49396142807497423
0.5122568456640606
0.5300202822905092
0.542650535741419
0.5455464038038886
0.534106684265016
0.5037301749119026
0.5208920965297431
0.5413217175900797
0.5554256712889459
0.5586027554134408
0.5462517677506631
0.5137715060877093
0.5307981212628212
0.5498579091851522
0.5567983433471804
0.5470182215360047
0.5159163415387233
0.5292420941091454
0.5434280122842151
0.5397008903001493
0.5134595259440468
0.5217866069036523
0.5275946187222047
0.5096959039827889
0.5139942514812778
0.507920320334058
0.5114276196769612
0.4622754235578723
0.4579644381466159
0.45478060492386985
0.4536057669829715
0.4553217674172582
0.4608104493200665
0.4709536557847361
0.4655179755496748
0.4542115546923335
0.44925394708188215
0.451526995811658
0.4619125439749984
0.4812924346652389
0.465540015332533
0.45048035948830123
0.44699117794933896
0.4559543138089835
0.4782516101605719
0.46448700357317957
0.4489163132012519
0.4501377581929732
0.46903318164168045
0.4645044009383472
0.4516648764979179
0.46083914847951674
0.4677376680947677
0.460871510045032
0.4763322657091762
0.4241598858725676
0.43038820903707486
0.4303277948821364
0.42668067839265267
0.4221488945535241
0.4194344783496506
0.42123946476593493
0.4167573883016518
0.4275514920297223
0.42961780680157424
0.42565836760210823
0.41837520941622464
0.41047036722882235
0.41613331407396853
0.4291866789750469
0.43107320328313403
0.42449492198313044
0.4121538700599363
0.41906542517136375
0.4320715318548948
0.4314717463086618
0.41996810351756486
0.42233148357568323
0.4329838126511114
0.42759119786000255
0.4227092512687722
0.428701283345543
0.4169764902324786
0.4228300052737286
0.4359879417534818
0.4491586761466125
0.45854206372386724
0.4603379597559927
0.4507462195137346
0.4259666982678421
0.44246574986730663
0.4541807378351894
0.4623840779234141
0.4632756254027276
0.4530552355438762
0.4279227636176052
0.4500357779197078
0.4596649730486756
0.4622580745049501
0.4540149375592779
0.43113541748240525
0.44895026004034505
0.45585081800335375
0.45219083650063363
0.43417017080293097
0.44261936683863157
0.44614844330863646
0.43559253451987695
0.4344532689239795
0.4339680195739372
0.4278621369058044
0.4310496075116965
0.42870165119179304
0.4275829062852313
0.427815576612059
0.4295218659923239
0.43282397824607305
0.4378441171933566
0.4362622851284249
0.42859665262689234
0.4259272061553935
0.42837614953397624
0.43606568658268824
0.4491180211215756
0.43685662356588606
0.4261263573797698
0.4241592518403793
0.43107751076776246
0.44700333798196684
0.4353492155630876
0.4238073581894331
0.42479563607919646
0.4384362530524252
0.43425665385903717
0.42415624779488964
0.43035295161085185
0.43609553119274147
0.4296896189351473
0.44338244030321067
0.406072902746363
0.4086329417133381
0.41160602101512217
0.4143269663143057
0.4161306032734792
0.4163517575552324
0.4143252548221579
0.41903535365276895
0.4146477463008954
0.4144126541800358
0.41766490295278086
0.42373931828172084
0.43197072582944457
0.4221320709969866
0.4132042700733455
0.4121684592769235
0.41835946427031123
0.4311121107160987
0.4197192361665441
0.4086586944182168
0.4092296176933136
0.4207668316544248
0.41615303054896974
0.4053672007230372
0.40995231081673367
0.4157896355317909
0.4076859703753352
0.4229852325025381
0.46225999807678125
0.4479014418969624
0.43889400820154517
0.4354598441033886
0.43782109671535163
0.44619991315029234
0.460818440521072
0.4486779817106024
0.4365237267035464
0.4304767847910612
0.4307593030860059
0.4375934287012392
0.45120130874961834
0.44341783728834516
0.4337930213715249
0.4310317091594446
0.4353560477649633
0.4469881843009395
0.44393980333851224
0.43716956442940064
0.4380190198351981
0.44671031666876326
0.4477041183896062
0.4441135944056759
0.4488989553468235
0.45217102097012896
0.4520853498288535
0.45480074960858524
0.5056541235311884
0.5089079000939856
0.516871792951297
0.5256586037095137
0.531381133975026
0.5301521853542237
0.5180845594535002
0.5367295670017443
0.5227275370278167
0.5211647102204443
0.5281538881860177
0.5398078725309277
0.5522394648615626
0.5443726981647928
0.5199135467531351
0.5156226853800732
0.527612915651998
0.5519970391752999
0.5381828124261726
0.5100652246757792
0.5098450138360224
0.5336349815132927
0.5277592051917223
0.5027818662015875
0.5134309909941298
0.5227011718672793
0.5076627667363985
0.532608007858685
0.462339950748482
0.46849423805755847
0.47634316350332084
0.4833893136654153
0.48713527512348787
0.48508363445718367
0.4747369782461513
0.4897348897289552
0.4822961052139809
0.48268764687554483
0.4884121012932928
0.4969720550468709
0.5058700947159233
0.49666827413767284
0.4804766859412397
0.4782511119611967
0.4874941387771899
0.5057083529688651
0.49161106002267824
0.47150693628737794
0.4715045148083198
0.4891063821651495
0.48303420343201453
0.46385781230043843
0.47091881146495645
0.47940866041372393
0.46600027002846484
0.48920538701585226
0.46232662380817136
0.47430768535912515
0.48926396127236765
0.5018493777421905
0.5067178609628854
0.498523337128743
0.47191973243405766
0.49397403821425534
0.4996195207400371
0.5076023266313406
0.5125763820824577
0.5091956132876798
0.49211394644129663
0.5032583250158608
0.503675953680898
0.5057930147146902
0.504263434311529
0.4937411386657056
0.49844036513533385
0.4947378651040543
0.49209690644476267
0.48517141535175035
0.4877810394950209
0.48106613593185177
0.47477488274390356
0.4795412290172672
0.47092164708663714
0.4819818146244217
0.4034616259440371
0.4065650791251205
0.4080277260200398
0.408121370776232
0.4071178175411341
0.40528887046218226
0.4029063336868157
0.40146213397047364
0.40819869602106973
0.4107718424197997
0.4094533773141006
0.4045151048514093
0.39622882917916125
0.4017941670949341
0.4103251478468284
0.4121701035811546
0.4076008384453497
0.3968891565868505
0.40315450001811926
0.41164120930309744
0.41091928420480545
0.40126052887068003
0.40423990744073
0.41084365509057735
0.4057161589914524
0.4037471640634664
0.4066292599099693
0.4003730445870313
0.3898192019460987
0.3963670375816713
0.4029202201085319
0.40795215447516714
0.4099362456300638
0.4073458985217079
0.39865451809858815
0.4098899145603917
0.407402905022775
0.4089372553742032
0.41296637056316315
0.4179636555381414
0.42240251524762323
0.4152000551274678
0.40660516439519734
0.40604764654972875
0.4120009065395489
0.4229383493131442
0.41179751386831376
0.40002170591992503
0.40029928385609526
0.4111036526253109
0.40573018100391606
0.39370041981794457
0.3977400575142888
0.4030459467552607
0.39368919631024274
0.40979270134333645
0.39097771956261346
0.39482437051680447
0.3960979491613174
0.3955146673583551
0.3937907369701205
0.3916423698588157
0.3897857778866457
0.3879369801807979
0.3992676515117227
0.40306100513653087
0.4000332529174254
0.39090060671660903
0.37637927839628316
0.38808081377680786
0.40323213133406516
0.4058818857887674
0.39674628900311754
0.3765415528393181
0.38968049339974226
0.40498908303293096
0.40283186416712613
0.38392504866453037
0.39100729209870017
0.4028097796574188
0.3921822133207054
0.39033248292277983
0.3949654942566282
0.3859273389210824
0.39265733327439745
0.39259384606122877
0.3918856125443561
0.3909106063882811
0.3900468012575053
0.3896721708165294
0.390164688729857
0.38754534916280725
0.39055922269402177
0.3906943660901677
0.38832875301574676
0.3838403571352602
0.3776071521132081
0.3861103402624474
0.39116800558141485
0.39111295693394915
0.3863231679845519
0.37717661239772426
0.38687442914713455
0.39294231729722473
0.39166350764951713
0.383415973868513
0.38835973839068527
0.39440428041526776
0.3908681408106876
0.3890883905669154
0.39407601750936067
0.3875825082496436
0.40612075905746764
0.40560368911589345
0.4037270388887769
0.4015280096675662
0.40004380274370904
0.40031161940865284
0.40336866095384766
0.3997687688666807
0.40246530714711787
0.4025584940122715
0.40108553075358955
0.39908361866252
0.39758995903050925
0.39805903522923586
0.40269852978587006
0.4034909017974795
0.4014733525555122
0.3976830833514158
0.3991267599252369
0.404438558812254
0.404659464024505
0.4008266768534376
0.4011071447347877
0.4058205960063731
0.4041993824734511
0.4021353914379914
0.40497984314833174
0.4003467018149539
0.39214065201680215
0.39420157829127356
0.3952457119410208
0.39536732588243645
0.3946606930319125
0.3932200863058405
0.3911397786206147
0.3934509605446611
0.39644254903824055
0.3975639119391843
0.3969093221638844
0.3945730526287332
0.3906493762501212
0.39366965300710066
0.39706771072218594
0.39774210987672354
0.3957871233871058
0.39129702416972467
0.39323553567158515
0.3965158696105738
0.396219112021103
0.3924395358195647
0.3925874148055787
0.39522583197086825
0.3934337246397862
0.39216409667654484
0.3936364040705336
0.39240438755195
0.3907975886169887
0.3913468750856697
0.3917385682353648
0.39191625261172025
0.3918235127603822
0.39140393322699624
0.39060109855721065
0.39167909729431216
0.39205870775014723
0.39223657914823734
0.39215629603422875
0.3917614429537676
0.3909956044524985
0.3919136243748921
0.3921194570507285
0.39207940493006077
0.39173705255853536
0.3910359844817981
0.3917243371573815
0.39175229028606645
0.39149021287948826
0.39088168948329294
0.3913344029404334
0.39118037475481404
0.3906921702951723
0.3909669890227003
0.39062687775562455
0.3908452627028372
0.39085540404495317
0.39077934226985667
0.39077817607385285
0.3908254371462385
0.39089465717631056
0.39095936785336516
0.3909931008667013
0.3908815401993565
0.3908363979533923
0.39084707494848947
0.39088710287394496
0.39093001341905553
0.39094933827311645
0.3909115686099309
0.3908732092837992
0.39087159286069756
0.390880251029923
0.3908727154807721
0.3909346350467511
0.39087892203115204
0.39084087558055186
0.39079402738424723
0.3909398852798916
0.3908426819655254
0.3907440688781265
0.3909164650794265
0.39075363485699405
0.3908535202154327
0.3949450608761579
0.39411197752279925
0.393010762108074
0.3919725803157511
0.3913285978295996
0.3914099803333878
0.3925478935108868
0.3928317146242436
0.39281294081240636
0.39229161280959146
0.39159889629956796
0.3910659569661049
0.3910239604929696
0.3918282772335313
0.39248686959030477
0.39240848562648956
0.3919242910258549
0.39136545147216945
0.39159893584340194
0.3927979509958755
0.39302556769814945
0.3926129516339927
0.3918078775932363
0.3934103721684992
0.39380704616395146
0.3921192896224147
0.3939883202475572
0.39219735907032016
0.4017242575391122
0.3992495457134089
0.39684521603084305
0.3950919182837818
0.3945703022645924
0.3958610177656413
0.3995447145792979
0.3978258344722866
0.39632043483096446
0.3949363568118443
0.3942542502072935
0.39485476480967907
0.39731855041136677
0.3960804050139597
0.3954831692334756
0.3950581945542582
0.3953861307686748
0.3970476276690923
0.3959028288132085
0.3961526085700195
0.3966255889071619
0.3979024196170025
0.3967079655191097
0.39774361248967266
0.39905339951963137
0.39791067478073944
0.3996710406415121
0.39892581624717677
0.40171924141915805
0.40188647411528977
0.403078078471214
0.40458679436052813
0.405705361656829
0.40572652023371314
0.40394300996477955
0.40515520050040227
0.40507677931999375
0.40604175950484256
0.40734288092854576
0.4082728834647004
0.4081245069869021
0.4058169130360653
0.40534414936438135
0.40593381676341944
0.4068786551067767
0.40747140426804973
0.4049667891948833
0.4039509944171889
0.4040166604156811
0.4044565270639567
0.40386723914559247
0.4021597246471521
0.4015527006303629
0.40378067305692816
0.4012327502230076
0.4059695010976287
0.40612781063946274
0.40762408245739706
0.4080938103525074
0.40783912480668044
0.4071621563018029
0.40636503531976087
0.4057498923424433
0.4082660780387653
0.4081929151304103
0.40804484820994646
0.4081240077592607
0.4087325242602397
0.4101725281947687
0.4086332505949505
0.40760173874835337
0.40744696280036286
0.4084710532328657
0.41097614052774845
0.4079846994359484
0.40660592443915666
0.4070555252516868
0.40963563235542527
0.40707579568968905
0.4059608433307499
0.4076259066918477
0.40666191048410183
0.4064218665510633
0.40749841494711886
0.3882160779386296
0.39116442792081657
0.39376017752235654
0.39550781262317874
0.39591181910321205
0.3944766828423848
0.39070688972062795
0.3901999762894608
0.3980400823079565
0.4025004195665566
0.4030854739451902
0.39929973132378604
0.3906476775822717
0.3919501878363915
0.4017746317269537
0.40519213847837154
0.40170719397057414
0.3908242840834901
0.39313362567689497
0.40203498927528136
0.40150224735527473
0.39103988579680365
0.39341720290844445
0.39848806805041254
0.3910976592947387
0.3924678326285124
0.39080078114982075
0.3899524279345743
0.3839259506850491
0.3860485976452234
0.38791415514408145
0.3891579651434722
0.3894153696052444
0.38832171049124636
0.3855123297633289
0.3872550154189488
0.3882879861673495
0.3891693203344133
0.3895343598819893
0.3890184467719261
0.38725692296607117
0.3886012997471297
0.3887816311858086
0.38891577892313006
0.38863908492094307
0.38758689114109623
0.38859282642045856
0.3881575554514676
0.38778155366109857
0.3871001630112002
0.3878576181898022
0.38704378171519305
0.3863946672991851
0.38702369780602663
0.38606833272785196
0.3867190880200009
0.38049665416532297
0.37002001328771333
0.36358972656889876
0.36099167813451305
0.3620117521101899
0.36643583262156226
0.37404980379426583
0.3708971389712404
0.3600068846887339
0.3549288474708534
0.3554489114432327
0.36135296073150536
0.37242687946130365
0.3664924457780509
0.35672104906287144
0.3545277323181489
0.359698379669517
0.3720188752426092
0.36580940640616677
0.3586893382305383
0.36091321293119755
0.372266914633778
0.3673748526760003
0.36443858401214635
0.3726121211304109
0.3697156164079629
0.3724956182281081
0.3713585294224688
0.37447784209916163
0.3590191618863032
0.3544906336586455
0.3576843273911348
0.3653923130587172
0.37440666063633826
0.38151944009894595
0.3805704743960483
0.35792282735725445
0.3513215913559579
0.35755883636710495
0.37342663236564155
0.3957170493265126
0.3792809945386571
0.353404098033668
0.3486898716184728
0.36193038526801774
0.38991770895724864
0.3749436613508557
0.34979723273941166
0.350929733270058
0.37513323291774064
0.3718927336565118
0.3514364902983527
0.3623754351345805
0.37446247027949237
0.3626561295343592
0.386987130043667
0.38379662930519964
0.38410914540200664
0.3834406974753293
0.3823099811412403
0.3812356920158126
0.3807365257151183
0.3813311778552322
0.37774252432545036
0.3824314835468765
0.38369634642177375
0.3820558085662147
0.3780285655962721
0.3721333131280175
0.37663537979695066
0.38387526514639503
0.3852479218262656
0.3812720454526354
0.3724663316415768
0.3782977624086176
0.38626305688947904
0.38591799037772206
0.3777812584894192
0.3805522388493681
0.3874174254650454
0.3835291187650593
0.38122137580811843
0.3851609375620111
0.3781277399737874
0.3538129762746961
0.3651726358024112
0.37301445340816747
0.3763273288220299
0.3741001617740634
0.3653218519943324
0.34898129921290383
0.36047509824009405
0.3737618306044089
0.3798232300431793
0.3776481962864706
0.3662256290643476
0.3445444281068739
0.36425380007139213
0.3779246871588697
0.38066275031721764
0.371456889276501
0.34929600376678455
0.36503221964323096
0.37754434334043463
0.3754161521049233
0.3576365456667616
0.3626934948302513
0.37250393702374407
0.3639665732809363
0.35712076350709315
0.36268660608343894
0.3481971635483992
0.3886019005575879
0.3891765514095958
0.38966236805655213
0.38997371882947346
0.3900249720593761
0.38973049607727583
0.38900465921419125
0.3901458166515617
0.39065473807819123
0.39097191028590284
0.3910117016057132
0.39068848036863846
0.3899166149056938
0.3909818839966924
0.39137202391234466
0.39146749959521276
0.3911826793763133
0.39043193158666234
0.39122436557035456
0.3914426718894308
0.39126339896185663
0.3906009151186482
0.39098752434992273
0.390980944986824
0.3904738713632084
0.39038562331277077
0.3901011061818991
0.38953292543627555
0.3850390642210664
0.38699213904061347
0.3883590069357774
0.389088416150144
0.38912911492729907
0.38842985151082765
0.38693937414431756
0.3886034551441824
0.38927053913338006
0.3896332102620427
0.3896402167737562
0.3892403069121063
0.3883822289206772
0.38996449640954156
0.3897015853945982
0.38941605558296805
0.38905665521823696
0.38857213254399037
0.38985203921871586
0.38901512902583996
0.38843739410012545
0.38806758268515784
0.388995934773277
0.3879410212286769
0.3874270770150861
0.38812603427479603
0.387209113204681
0.3879721889248471
0.38494604260577125
0.3856013445940933
0.3850648782842409
0.38388880047737056
0.3826252679746388
0.38182643757720136
0.3820444660862167
0.37983849810016995
0.3835235609880726
0.3840296242584223
0.3819088447123756
0.3777133791510888
0.37199538437571694
0.3790603887348612
0.384623754643863
0.38502088961593334
0.38080395045222876
0.3725250939539054
0.38053578100919405
0.38682599206081364
0.3859627408561232
0.37849818419627895
0.3821887414225175
0.3880543397382733
0.3847792444783403
0.38194333647418005
0.3862328641755912
0.3777236326635325
0.35449728972502004
0.36742508050795203
0.37503661512392544
0.3777810509028038
0.3761075451744506
0.37046525526872875
0.3613033385155037
0.36767372147619826
0.37793160727173164
0.38286428503347214
0.3829209120912832
0.37855064577502834
0.3702026434145697
0.3726473659493792
0.38002418178166053
0.3820668377133145
0.3792244910742048
0.37194629919419464
0.37220810631393847
0.3764926872071142
0.3754341563328283
0.369481671020944
0.3691458257392516
0.3701270067174681
0.3657561240613884
0.36625040739469344
0.36371702348209795
0.3663117344496416
0.38223175597550646
0.3767782628882331
0.3660464940079442
0.3552918442001663
0.34976970833042564
0.354735481264248
0.37544455786716163
0.35486684062284374
0.35668626710753054
0.35172721979793564
0.34524509355958555
0.3424952832580065
0.3487331837587235
0.3483324062180725
0.35531765333835275
0.35402422866308514
0.3497075270577962
0.34762294338801186
0.3543433217062909
0.364387290525798
0.364652389548491
0.36039401363989615
0.3646144560325971
0.37561004761496414
0.37532657139925074
0.3708606781420886
0.38070079355094955
0.36479685697986547
0.42323160978207786
0.4050894077486658
0.39181612243557945
0.3854084728977503
0.3878631781901101
0.4011769573675898
0.427346529485123
0.41356511281366615
0.38589948293467746
0.37291965661252546
0.3766223529021421
0.3990042908584588
0.4420621895364056
0.4078710079472422
0.3763985717424484
0.3694288259310026
0.38895848956783663
0.4369842817078818
0.40648503594889296
0.3769224149380659
0.3816793711570981
0.4227526236609209
0.4097429375847055
0.3878067532876167
0.4100070330568981
0.417980453620766
0.40938732755718804
0.43153332482316387
0.5570324766823129
0.5744262234679668
0.5745356741713444
0.5645172421419953
0.5515273407294683
0.5427223832833115
0.5452587831530771
0.5338750922444144
0.5657289769769531
0.5720466705896076
0.5599845864319271
0.5366991378534604
0.5093467382037545
0.5318734761776521
0.5713508639323004
0.5770401655294563
0.5560977943186689
0.515680163649487
0.5407937959013847
0.5810580517533671
0.579282326410249
0.542623033221579
0.5504022188349701
0.5846167078595113
0.5685393206513434
0.5504649123977661
0.5717929996700915
0.5307480440091336
0.39426386183050854
0.38121167792306193
0.36606269263818625
0.35406509472682157
0.35046707293990786
0.3605168160283845
0.3894625127431934
0.3657967869396689
0.3560393336857123
0.34650622025962846
0.3424456354123577
0.3491057678948397
0.37173480645801327
0.35734047503902455
0.35108379831193526
0.3473726026180207
0.3514550767082211
0.36857940933347616
0.3618122788386652
0.3592624245118206
0.3615791924234527
0.37401077132450133
0.37212955104868034
0.3734925649954576
0.38204334238601334
0.3812096443791589
0.386691572472936
0.38196991154019233
0.4980668690578819
0.4798434237970444
0.4661854551468338
0.45805953932696153
0.4564322525571393
0.462270171057078
0.47653987104649165
0.4620300215869866
0.4565937825344935
0.4504703627891533
0.44462633857067774
0.44002828609877825
0.4376427815931648
0.4518214143792815
0.4562724767702688
0.45478370116493505
0.44832166378299204
0.43785294084415105
0.4568445275718193
0.468282986641423
0.46852895041123166
0.4585489951009568
0.46650284130165265
0.48202879228500856
0.4811095906650952
0.4701998357058333
0.4869133738380781
0.4573389909214164
0.49397428490126
0.4994332053249633
0.5065970571875293
0.5135972650480269
0.5185652534655246
0.5196324469990902
0.514930270207795
0.5254767567702667
0.5130998208519214
0.5115622497940505
0.5189954681557227
0.5335309004960065
0.5532999713739687
0.533262898544148
0.5095512883821605
0.5058134765022588
0.520180887463512
0.5507849458249882
0.5275743519009426
0.49902924959371925
0.49959237899019343
0.5273951646494335
0.5186527585186894
0.4917753461646364
0.5031405989358924
0.5167397600754264
0.49803121977295123
0.5320769982491953
0.4939946427664432
0.4946345167287312
0.5025777174756105
0.5129494721234539
0.5208750077886338
0.5214795515875221
0.509888330636494
0.5305153942295068
0.509586129982958
0.5067093969773662
0.5170104223291039
0.5356144331545438
0.5576466565700565
0.5383392267416026
0.5044855413670167
0.4994335916897533
0.5183086048261852
0.5562358078926846
0.5298364149434732
0.49170302552164996
0.4931205762535148
0.52921429425544
0.5173772334758611
0.4836088570875999
0.5001406253093921
0.5133319569795076
0.4925733107056092
0.5300708600951584
0.5521721398836971
0.5396933355787861
0.5312998503811945
0.5282658127287175
0.53186535105915
0.5433725938102858
0.5640616694199229
0.5537638193868605
0.5298783270650849
0.5195321169331668
0.5239993174289012
0.5445540569900826
0.5824704640545043
0.5517368663919022
0.5221876074391187
0.5156315937587305
0.5333429537885326
0.5765958159663195
0.5493101643067435
0.5198400601088086
0.5228171642658067
0.5595156052155326
0.5497025965393054
0.5260545684820752
0.5443077118623159
0.556133046497508
0.5440500159668402
0.5718203975892755
0.4300278868451534
0.40343683308914835
0.39041442266466436
0.38868273163868555
0.39596383607819596
0.40997981205017897
0.42845273562162073
0.41916241543247523
0.3886705780174355
0.3767677442128768
0.3811759900857834
0.39961739170313915
0.4298140251319265
0.4123037690177765
0.3818290995352463
0.37496379394215723
0.3894299283054935
0.4229495786922387
0.4095176214349454
0.3829780714764691
0.38506824568639403
0.4135102201317038
0.4108696465178702
0.3921831676749919
0.40714677327947457
0.4164255181004384
0.40951006196470313
0.42625091001654014
0.4314349059197963
0.4468340509577487
0.4601660389084337
0.4693300506382324
0.47222526701352574
0.4667508689006938
0.45080603716612005
0.4709548809341027
0.46655890832666724
0.4685088251692897
0.4747038123283513
0.4830430506702328
0.4914257210613134
0.48253834088581343
0.465004945952957
0.4622304870074839
0.4721141449157753
0.4925551005442118
0.47720359155963943
0.4531904696213291
0.4523493302077275
0.4725793541852153
0.4659689387402916
0.4421337851164941
0.4498836605547305
0.45985268821248004
0.4428531982231633
0.4698731457609182
