0.932327299485337
0.346414073376904
0.00137977015105453
1.68327730647267
0.930972215700886
0.349923669381548
0.00217705282908432
1.68143293986172
0.93424732832597
0.344316557844695
0.00424636771115516
1.68713447369407
0.933045105401468
0.34677403334592
0.00513087141722803
1.68521088811578
0.937563231420332
0.339874876229602
0.0107317383575871
1.69361633789359
0.927615500700212
0.363115757968958
0.0364107084290399
1.68075927158685
0.941835003673642
0.336489542534886
0.0292974871405086
1.70356336053485
0.939418889839917
0.345468302115244
0.0296163747769996
1.70108528814537
0.922503215747961
0.372972623531607
0.0417809437065985
1.67347753615045
0.934945727864378
0.347433465125221
0.0209067995293784
1.69069399074427
0.930031965507821
0.355026187263485
0.0199623273118575
1.68199252469872
0.921363203569595
0.36643098166027
0.00568585308602662
1.66620905125324
0.93004707681639
0.351588520129134
0.0085390073888074
1.68010774728032
0.923199247312776
0.364496750944631
0.0100687129335569
1.66959990483412
0.932235883181333
0.347802116443706
0.00869894593040546
1.68381248690978
0.935310852760504
0.344849353316293
0.0137771967082955
1.69018512677244
0.931821155008403
0.34675126682308
0.000688720337255837
1.68218428199074
0.932348397158254
0.347505641347237
0.00311599923598574
1.68377794024657
0.931867445405623
0.348353169689433
0.000705412739917635
1.68289080105931
0.942347467764524
0.349197135463231
0.0498135511319593
1.71096843268343
0.925756686439543
0.347631086327495
-0.000643515262806148
1.67150170942711
0.926042255352769
0.347740919398976
-0.000411049228691406
1.67232573532795
0.925851414256392
0.349114770557569
-0.00323915406976602
1.67215955731285
0.926278704842805
0.347458626306713
-0.00202866000687631
1.67294886843142
0.924988922840886
0.349867532365111
-0.00511045461397723
1.67022892051664
0.927277815383069
0.34429363769079
-0.00408537925680055
1.67459141835465
0.926044814592664
0.338282264111838
-0.0125402511565623
1.6702395122657
0.921620360938007
0.364547583228084
-0.00518837787700895
1.66685606334941
0.923197227924881
0.357961025082113
-0.0055863182801225
1.66827132928521
0.923986540800504
0.345654292397115
-0.00849264000002439
1.66704032539757
0.925822929111789
0.34458990016016
-0.0133383406580978
1.67127886509501
0.919996857995688
0.342876333144268
-0.0273094713694322
1.65801234806216
0.923317202574819
0.356668281818912
-0.0111453626005894
1.66869552313391
0.903581868778419
0.367034510124124
-0.0385928519388591
1.630131474343
0.910841706982236
0.353336574220447
-0.0416463779166177
1.64188211668634
0.913758792454481
0.36969428939115
-0.0140742620269189
1.65196795477546
0.921535256155235
0.360923428080799
-0.0110539174948086
1.66595542103414
0.918884700791414
0.370604530281862
0.00275168982621475
1.66263242630282
0.917680967507421
0.361655278766388
-0.0188500274105483
1.65825406153535
0.9227355720192
0.363640357266311
-0.000711850660296165
1.66845077042788
0.908254562589072
0.384392259844771
-0.0121292639793089
1.64614870423317
0.918215066386018
0.369181360696074
-0.0032880043881604
1.66089792450283
0.915464795288693
0.376805774876372
0.00787407133076277
1.65769615948975
0.894564882183541
0.415153923344233
0.0263488050541757
1.62858721591147
0.89763313645472
0.406109566586202
0.0103930283146801
1.63121979005632
0.912736539609764
0.377495852765844
-0.0195141207936597
1.65390147333535
0.90485202586688
0.392898313174118
0.0140701936961197
1.6412839193428
0.920386693543687
0.329171703041899
-0.034104581079994
1.6551944701419
0.922177352416457
0.347507681779983
-0.0170465075326233
1.66364378067613
0.906918739077044
0.33847789775645
-0.0545325321378268
1.62866932663158
0.914395870924631
0.352244870474038
-0.0301304296569683
1.6483571323013
0.896994477770664
0.365731736131117
-0.0509190849106922
1.61595713461867
0.884717475897134
0.391181169064481
-0.0393465838999411
1.59772335286261
0.923336198089254
0.364033578039817
0.00180516578096767
1.6696681366963
0.926187394333775
0.359060009383179
0.00433053990210604
1.6740049836566
0.925782337479125
0.359616573299851
0.00919946021008815
1.67343912676457
0.929421971474841
0.351996191938913
0.00408185674609718
1.67866393207154
0.91067234578233
0.384373461870403
0.00259241935803296
1.65062321663273
0.899924051897326
0.395241424338647
-0.020105151839614
1.63281761419165
0.88953939093991
0.406508738286153
-0.00555474869104225
1.61358184553071
0.879626531743104
0.415920491846874
-0.0134800597793768
1.59620767791147
0.905710649549911
0.390221864304197
0.027716692052974
1.64186121396784
0.922332327246798
0.367808929392984
0.017882886046427
1.6693618172295
0.929936091745877
0.375990289221023
0.0584293088695569
1.69337723093798
0.917510652987596
0.375247915961509
0.016903813742772
1.66158983118285
0.926667205602453
0.361877611633434
0.0240757205761933
1.6772092321068
0.913722045096614
0.381960699255324
0.029992910214556
1.65647065946388
0.88786783553722
0.426857973054154
0.0326896100402
1.61952143189208
0.909175512621883
0.40410010236276
0.0394489747621937
1.65708706509902
0.911669433587528
0.403421714647826
0.0556691994578568
1.66321076179993
0.928261774783804
0.355213540053517
0.0120390768884695
1.67751800463737
0.934390923935816
0.353055512779849
0.039707435019585
1.69286776927347
0.931834053188684
0.34755400949916
0.00255510563317349
1.68249667699314
0.933517416828786
0.347952990692572
0.00108255516798044
1.68662557738696
0.929704020199478
0.355231210537428
0.00362071978339393
1.68064290162836
0.931823811269857
0.349221648335552
0.00107585515846927
1.68313508120435
0.925255648697421
0.347402193302602
-6.98802241334945e-005
1.67025489373657
0.926039773518721
0.347601483201979
-0.000256760461104439
1.67225281870212
0.924307301142263
0.348600389358877
-0.00182847807358329
1.66836133750321
0.923305457846366
0.353980383454104
-0.0050225554026496
1.66731952830203
0.923126828556227
0.361489820441994
-0.00240419331104525
1.66883843656801
0.925476472603297
0.361951837999899
0.00313997206427719
1.67361675280153
0.930110712622823
0.347094532408552
0.000963073588446351
1.6782628234684
0.931899144229852
0.345319008976894
0.00174783963775423
1.68188250761623
0.938401668918844
0.335926929558158
0.0142171595351261
1.69435221411576
0.955007569182807
0.339917036076005
0.0403730878851883
1.7370526547158
0.933796775747744
0.341893993527175
0.00578330043681486
1.68525460142958
0.945269674039414
0.33479353965277
0.0211990751995111
1.7106368825615
0.926672204004212
0.347786356105355
-0.00103786019897053
1.67391962233821
0.927287340025988
0.346195337611367
-0.00286041414444648
1.675123501691
0.931992293998251
0.341183719081133
-0.00636940020374066
1.68505693849361
0.931143352654539
0.333380444795624
-0.0195376500998181
1.6813326052431
0.929540139019427
0.326874785116197
-0.0264670789964299
1.67570159495291
0.885768597023833
0.348091422023677
-0.0572392658493501
1.58374841628813
0.863306402850059
0.423387505707368
0.00411545806654802
1.56281033339207
0.914240733515138
0.329987990132308
-0.046617395293237
1.64210134827317
0.880240866967154
0.376644778751452
-0.0445837894560877
1.58176988429758
0.916888917959807
0.415116382361882
0.0554566159534038
1.68121519703458
0.858627604709408
0.401303184462086
-0.0288462736468499
1.54309690856288
0.879297894935873
0.43202786628047
0.0218218408340401
1.60256501703967
0.951801661021861
0.360358565826325
0.0573171447558556
1.73869924264339
0.933503534572667
0.388774644155483
0.059882717486108
1.70770711682063
