0.927782329820126
0.356442014162912
0.00336098867191923
1.67629408235847
0.928219249323705
0.355757391782715
-0.000333240446376849
1.67707209423888
0.929085891369464
0.354549102223142
0.00365353743313861
1.67864950234659
0.927614306321804
0.357009631557698
0.00332687459854778
1.67611340434764
0.92638905081312
0.360202179948673
0.00511880037274539
1.6744791096251
0.925314176504815
0.361520667758658
0.000113387097832221
1.67247252907922
0.929892561680373
0.351413282563001
-6.43396441688256e-005
1.67935024097017
0.930165520439341
0.351945598282924
0.00978083661867066
1.68023287631886
0.92867915336434
0.353833305977128
0.00283374128260582
1.67741502465246
0.926212329885338
0.360153436371249
0.00593591906003858
1.6740417413512
0.929386403878192
0.353020275329697
0.00392818823364503
1.67877086636545
0.929850765482745
0.353090964034436
0.00974019155886967
1.67993303968303
0.932096812960476
0.346998242869937
0.0221742099490694
1.68314363283033
0.929128969317392
0.353194670648968
0.00856431129841487
1.67821796651916
0.934294250571483
0.340908183909915
0.00247764272099889
1.68582098830238
0.913564312178849
0.386292940697632
0.0248904979935645
1.6553464022921
0.923726365257782
0.364632044117158
0.0289363113227228
1.67026288487557
0.917148157445948
0.378722452042097
0.0517662232644556
1.66174868452252
0.928318796716339
0.353564433992588
0.0431227223719229
1.67746612249532
0.930759006710118
0.350033687337682
0.0224820245918401
1.68101944127402
0.939767309977834
0.322174694255726
0.0450156981938542
1.69311973583444
0.922994981262424
0.365956015805375
0.0301465976526733
1.66922397899011
0.932336206801045
0.348509332680006
0.0238031904281665
1.6842270406852
0.929692656333063
0.356496267480108
0.0412339634451232
1.68172815179703
0.899600227228268
0.405307021091576
0.0458987764054249
1.63238263393285
0.911632680745848
0.385187852428393
0.0211522904676266
1.65019684770262
0.915005618053412
0.380344807330233
0.0544935772037885
1.65751049052255
0.924321368072356
0.3623650910288
0.0146360827071096
1.67054068784372
0.930784911938492
0.349680279690392
0.0238494651737128
1.6810642033581
0.922277434565971
0.364657340117773
0.0291932231099382
1.66701370893525
0.92000354793114
0.373683124605845
0.0143262904165549
1.66497083923196
0.926222530203053
0.360931542530693
0.0154151379630006
1.67444636625574
0.923050723240573
0.366671146578393
0.0276058429641602
1.66956994337738
0.920249670044331
0.37414039601119
-0.00345316437889197
1.66562200461329
0.921257481005961
0.370948341645733
0.00218134842905934
1.66666652649781
0.915935820945111
0.380919156962274
0.003402457387868
1.65838039981677
0.923720376863779
0.366590753332446
0.0065120227195015
1.67072548052867
0.926748321832671
0.359546234442505
0.00519129010705677
1.67505587680227
0.925451423959029
0.361409916757806
0.0140545231405226
1.67284037291659
0.914723394148897
0.380797589760172
0.00515127531448422
1.65551190248412
0.920379016918717
0.371402927174289
0.0016859902749478
1.66479845250212
0.91902728556741
0.373676479329149
0.0133453718811666
1.66266577700246
0.925683347331094
0.360314999375274
0.00493758115026027
1.6728499452577
0.929108856803174
0.353111837585283
0.0107285606419313
1.67819879801122
0.925015166212208
0.360328428370035
0.0148411519524592
1.67140738416984
0.92584252929474
0.361952077288306
0.0162962520231402
1.67399083176445
0.930477905401034
0.351763352934928
0.00993614537481826
1.68088199781547
0.931807868219711
0.349318447139384
0.0221641745717391
1.68332581630387
0.927441974952552
0.356500951407987
0.00288318088372535
1.67551461230425
0.927633148720108
0.357852589504733
0.00185410101718436
1.67648212466218
0.92766291461206
0.356006182897168
-0.000187487628962608
1.67586037589879
0.926265439501598
0.359680912371411
0.00573493040800511
1.67398697120723
0.927035206675249
0.357102495181079
0.00336382941327455
1.67478849620039
0.928884986247825
0.353613887386956
0.00456761393309785
1.67782037355578
0.927647115333748
0.357262905232774
-0.000415028361046782
1.67630381630238
0.927697384379644
0.356035714692696
0.00168241830148896
1.67593458884292
0.927609756285008
0.357502237237889
0.00293101188742455
1.67629382718834
0.916634169782956
0.379662700742552
0.0561621908722109
1.6611094032773
0.928669097028368
0.353262807692047
0.0432986483010205
1.6781324365788
0.932502475441077
0.336146954668755
0.0773980605697289
1.68271613063434
0.9274231476494
0.356831073221516
-0.000732187739712542
1.67541047362305
0.927486322736019
0.357459085739336
-8.01950085815573e-005
1.67590555218923
0.927070916456273
0.35838181925185
2.54806621998892e-005
1.67565628428717
0.927590374249555
0.357015229866373
-0.000636965672036728
1.67588847787823
0.927440714806277
0.356045989000462
-0.000102178896199102
1.67572474291479
0.92749530543094
0.357441293240859
-0.000174019717345348
1.67581134843296
0.927385488428564
0.356612673267663
-0.000953089851281182
1.67524747901896
0.926125504482521
0.359987298561228
-0.000335460574214239
1.67385091046033
0.927405353747103
0.35732346368624
-0.00361157875964665
1.6756822662308
0.928000232839253
0.35667841098796
-0.00334037269595865
1.67668591934462
0.92789301699715
0.354794178088263
6.29320937821543e-005
1.67660414933126
0.927605799192793
0.357257689559184
-0.00104354895372911
1.67601617481702
0.925848746191376
0.360242958961744
-0.00668179880161482
1.67334417145491
0.92794661660651
0.356989748686366
-0.00409876058559758
1.67686795383977
0.92608015762436
0.360132844905529
0.00015275525386248
1.67375839873236
0.927805410514106
0.35625249921963
-0.00374666710235204
1.67598025196235
0.929724230639876
0.352940164474987
-0.00594991937494841
1.67931926320696
0.929059848378778
0.351944277444064
-0.000379408570243466
1.67837583220484
0.930727660751769
0.354497858945977
-0.00568567190669723
1.68228130645768
0.931835947986225
0.348719856863104
-0.0187376888656207
1.68280506553778
0.934167042512774
0.340436901435928
-0.00243832919421375
1.68671431969642
0.922069034542112
0.367373151952174
-0.00497189871629858
1.66713059429807
0.918728214063606
0.373445824060573
-0.00313980524141957
1.66178611625268
0.919229972162615
0.3739438672634
-0.0112798024344775
1.66324974759863
0.924157089416698
0.364625870164412
0.000889577055581491
1.67091626782602
0.922817571379241
0.368290020269164
-0.00571349053982241
1.66924512796218
0.925589863143119
0.361675825941891
-0.0073125339129452
1.67321950267484
0.928015555237532
0.356498294776469
-0.00322072039871907
1.67673991679411
0.92577929909043
0.360439098823201
-0.00757253796735909
1.67335133744567
0.929105960649989
0.351758796543963
-0.00619984757848454
1.67743402349587
0.924423549064274
0.361546359362112
-0.00767092673960178
1.67056897705859
0.929950643488365
0.351425563049939
-0.0186531365864247
1.6794841285064
0.929221802439036
0.351647998201721
-0.00649821886501379
1.67767389258622
0.922321167724862
0.363106692866821
-0.0190539946674408
1.66641855436227
0.926008466870944
0.359303151710723
-0.0382152108115654
1.67376647308186
0.930476574992314
0.351123137902798
-0.0189709572513443
1.68057036222484
0.92171995892534
0.369019675026229
-0.00525445912288298
1.66692210697217
0.923395182616887
0.364441348220473
-0.0162561808526351
1.66934415629448
0.924947974340216
0.360449009974883
-0.00705900152392287
1.67126675695644
0.918295417029201
0.377952720258097
-0.027086462937194
1.66298831110054
0.905249340495632
0.403838397197238
-0.0381703674207592
1.64387010528926
0.915201643882954
0.380225628541472
-0.0584224478664858
1.65809501398712
0.925543237312473
0.358621213898085
-0.0397128226630926
1.67248771563784
0.915545838242577
0.378175101352258
-0.0296812227382196
1.65683788782232
0.915644447605382
0.380077560750967
-0.0586885775939335
1.65900494038555
0.919922344355043
0.374441221487801
-0.0127271651625314
1.66507477531393
0.911577283752335
0.386241404287487
-0.0105586714543525
1.65048817424391
0.915435197292559
0.37625416207225
-0.0279399605433837
1.65568326113151
0.922571954291126
0.368404661436803
-0.00379272231033691
1.66868516823412
0.920071563519969
0.373099948512388
-0.0122868192416625
1.66488035291417
0.923774506400667
0.364999421305419
-0.0175775086763809
1.67044665973122
0.920048550954718
0.372921126730859
-0.00381401188305376
1.66464975325981
0.914379876933506
0.38243078970751
0.00421111615243224
1.65536695409148
0.912097826850531
0.385730016942257
-0.00849509157622217
1.65148293498173
0.923592845899301
0.363410401518354
-0.0183498190639044
1.66941121087844
0.918966712190066
0.374145942637568
-0.0136953800413923
1.66272399749751
0.916581150983246
0.375959669270722
-0.0285065316564863
1.65824127925102
0.920007036181049
0.3723966681315
-0.0027793471807578
1.66434238241861
0.922691048802315
0.368692957736449
-0.00518785871577303
1.66913926609454
0.922415741406912
0.368037978764321
0.000275771954015236
1.6682713955831
0.913287625272325
0.386168668502931
-0.009326536678885
1.65436184931844
0.900845452213487
0.404994095215824
-0.0110648466005791
1.63405559480835
0.903369951744324
0.400936747569002
-0.037184949011386
1.63856319783576
0.920374702916658
0.372868995911643
-0.00291917508044879
1.66538680870664
0.913359671843849
0.385104785986601
-0.0100077531259606
1.65416260966855
0.920012661157698
0.3750232869568
-0.0128255804014471
1.6655392139444
0.916521542649972
0.381409874700934
0.00486847103187561
1.6599136449173
0.907666311018769
0.394994935998454
0.00644917967882547
1.64510932932946
0.912727274749132
0.387980792088029
-0.0103883402231882
1.65389216675109
0.876017030191509
0.443237197648594
-7.95883422441772e-005
1.5957078675199
0.894570682874898
0.41789642046076
0.015971775218429
1.62562551573826
0.883589267477172
0.435924358543122
0.0431990596251474
1.61006357339209
0.900635930975914
0.404331873972858
-0.0154102036691349
1.6332130160676
0.893171681036698
0.417633424682231
0.0130281221268252
1.62228452159773
0.879286973566059
0.441880468813618
-0.0020372152098049
1.60233547961458
0.916323802403077
0.376974973808101
-0.0295684365203411
1.65807215750985
0.911559127194521
0.386671678778113
-0.0104856975523318
1.65064324039873
0.904573964899071
0.401183737891448
-0.0384077495534149
1.6413851184764
0.909267388521274
0.398209818839426
0.00866025958682519
1.65018122393102
0.894797089938627
0.415144047181619
0.0132788532652539
1.62489675631137
0.900936061247875
0.407889927644187
-0.013343488976364
1.63552906869139
0.930870187535271
0.353555191969584
-0.0167648723892266
1.68228636478412
0.927182410051265
0.358387221601984
-0.0375164597108201
1.67608673572479
0.939509707640616
0.321039179169727
-0.038251803063217
1.69305385539565
0.925557183561597
0.361628295122925
-0.00581632955243091
1.67319288855359
0.924226346052962
0.362680051923514
-0.0169480915173391
1.67064510234463
0.930291488608758
0.351372569541833
-0.0191794407376248
1.68031863050932
0.915206814397938
0.377016696368919
-0.0574741239456603
1.65661872026264
0.932211368348417
0.331745674194883
-0.0737674309826136
1.68151632666237
0.926898244549262
0.361146038272602
-0.0369026209233552
1.67641963073776
0.924436261452537
0.363740800607737
-0.0168907390560354
1.67150475007814
0.916919618294563
0.376371387217712
-0.0287516907098262
1.65922578337189
0.925366935163714
0.359222632044103
-0.0387773734195346
1.67233040035523
0.901595078214332
0.410014685494998
-0.0370874130977799
1.6378990598488
0.906474087774284
0.377271355528735
-0.098243792204899
1.64104814286658
0.913082929561357
0.37450662932041
-0.0579822639622395
1.65088761848705
0.886592480016001
0.433506139087061
-0.0334800404915011
1.6149753975325
0.884548242064242
0.415988021146943
-0.0877511031880423
1.60655980782432
0.904930996894013
0.405140496092956
-0.0359091951073943
1.64350541347743
0.920158167587224
0.3720950491696
0.00197253212566545
1.66456487590519
0.919467579858952
0.372745949314515
-0.0021204901429658
1.66322284456822
0.922232334198555
0.367959803653453
-0.000479836681958599
1.66780110362602
0.923004846158046
0.36595144545008
0.00648212329957185
1.66879242245405
0.920424014176224
0.37096430075874
0.00307500829539205
1.66474316581366
0.922405154121412
0.367708470196948
-0.000285259429028802
1.66810295351216
0.923841603161356
0.365476513606308
0.00607475045764938
1.67055261188326
0.92030644190197
0.372697907595423
0.0121920056025734
1.6652610673928
0.920748251913999
0.372058589392805
0.00271948361281202
1.6659377626385
0.92527516197863
0.361372729046044
-0.000443455399170155
1.6723181762395
0.925907128234753
0.360310673482863
0.00559556156686215
1.67339001206031
0.923296220389322
0.365311973312872
0.00613811262062469
1.66922774165699
0.906574001207544
0.397962282418179
0.00700800007041351
1.64384715605465
0.900004157621409
0.407015657699784
-0.0109307990588503
1.63297497642045
0.911423817972056
0.385731710334071
-0.0118490207680181
1.64988181259197
0.900221228839121
0.403651118697558
-0.0132614069808587
1.63215710255372
0.888494563906282
0.432081707159399
-0.0359540409955327
1.61889846081685
0.903733946104849
0.402588128942561
-0.0388568007268607
1.64009782864012
0.903279699596682
0.40351754444185
-0.0131912514381142
1.63896953832732
0.879283958614351
0.443120563924997
-0.0012987505936418
1.60278548748576
0.887239403185521
0.430950529889266
-0.0338407599602115
1.61555885287872
0.886334620460484
0.427117460104829
-0.0361484059495242
1.61155722787363
0.877372719054673
0.447720346352623
0.000761972121654274
1.60064892171991
0.859878852479332
0.45664281544539
-0.0508941468466788
1.56867880773833
0.899679222262775
0.408383318525679
0.0425114501583655
1.6336979637947
0.8926048502339
0.415604305830297
0.015900158115864
1.62013500905301
0.906224393652555
0.398837506173087
0.00641964362971839
1.64345584651271
0.915372914832862
0.383184726371832
0.00438313316665303
1.65799808962756
0.920797715682939
0.372396508050993
0.0136715824855555
1.66626696537096
0.913852716903112
0.383919461540104
0.0219424456530894
1.65497594446885
0.918587420515225
0.376208533214994
0.0561694083945153
1.66412052442443
0.912050945296109
0.374739605233788
0.0970575820799014
1.65152770090654
0.900041461636858
0.410604403511653
0.0476657684354468
1.63573776501728
0.912040065334112
0.385213371768317
0.0227376247650349
1.65126235088757
0.905505119174333
0.394994725455725
0.00872711435720799
1.64013960392705
0.914605756221489
0.382139748145312
0.00291367589469575
1.65576918536115
0.92150706248051
0.367307068961798
0.0291958062852756
1.66621539284498
0.912504399694136
0.38287587534622
0.0245923856152216
1.65147968811597
0.918801584039651
0.373436767536094
0.0124713151710778
1.66202575201527
0.90175908605892
0.406649810461801
0.0419146714121113
1.63776080543665
0.906759939818082
0.399272016164245
0.00746243196215909
1.64488603795893
0.915299456318752
0.383163842325299
0.0229935515138293
1.65786125224887
0.884633263599195
0.432861483936552
0.0429696382042987
1.61086146542425
0.863252587368342
0.458250149439979
0.0571916963638314
1.57694422792727
0.876380385980506
0.446097908418238
-0.00333329368544318
1.59782750941218
0.902047284559764
0.406700415936666
0.0448766656984834
1.63837475056975
0.885156899676488
0.435947409150248
0.0410884987678657
1.61370921295429
0.892560792117519
0.41733015190025
0.0148429433541401
1.62076174282733
0.903316244641223
0.404049101684363
0.0456950031636618
1.64006272216879
0.886268536156125
0.418407802554749
0.0947573084464859
1.6114739444334
0.882167288687467
0.435620180902205
0.0434520484634768
1.60696544951246
0.922923937069844
0.366406443507274
0.00533371428103164
1.66876920239943
0.92453883815737
0.361907339007505
0.0154273587150756
1.67090082232019
0.919429152993321
0.3716730184907
0.0138383399873489
1.66281877940974
0.927504635343444
0.35707260606672
0.0429578786436563
1.67686972782807
0.916319919092399
0.376890175478703
0.0536734281227248
1.65916923283334
0.921134803946085
0.365898906576896
0.027333969904881
1.66467123887554
0.927563364560427
0.356995950982806
2.55358424153978e-005
1.67599223813095
0.930733991648048
0.351036085130288
0.00449385496218086
1.68118144384133
0.924441434118715
0.362673873479181
0.00446563309908054
1.67086017465019
0.926104958876136
0.358343480520872
-0.00127243020626504
1.67309684327743
0.932392264343808
0.352825455394888
0.00256460820696662
1.6857706511062
0.92572075439602
0.356472213444623
0.00154337878236143
1.67145342818132
0.922503380812373
0.367837207612492
-2.78243870999373e-005
1.66838099450111
0.925406222441686
0.360868126350541
-0.000506209386446064
1.67242234241249
0.923687355975547
0.365647205128964
0.00598048327234343
1.67027550174341
0.927271394207724
0.357416009453798
-2.97063284001554e-005
1.67547744014817
0.927151422724814
0.357301163579847
0.00327543866977914
1.6751387303186
0.925874464740554
0.361289361290979
0.000552669421251166
1.67369948214038
0.927552167538591
0.357465157940111
-0.00015133093214085
1.67604225034039
0.927553368875456
0.357719298328066
-1.11856727984664e-005
1.67620013924124
0.927123330942244
0.358398852054932
1.40400359556076e-005
1.67583668738316
0.927538750846218
0.357421583419892
-0.000181740766795443
1.67592061733355
0.927370092230294
0.35607783167628
-0.000105459696765961
1.67553460150312
0.92755450688972
0.357633382937413
-0.00012458415376645
1.67606190416665
0.926365612404593
0.359624697016401
-0.000476501954726611
1.67424043238014
0.927598554546812
0.35667581040536
-0.00098273324065333
1.67577063938334
0.927278155495417
0.358326454935438
0.000175868539932036
1.67602767859586
0.924212662210031
0.365322448762488
0.000906597701910518
1.67127324061642
0.924895840799399
0.360955268545002
-0.0067631277819137
1.67133682907588
0.926481108738564
0.35993114114911
0.00061778570119218
1.67459599255299
0.923918677857578
0.364029252050289
0.00018380799782586
1.67015268731028
0.9217467321095
0.368605774440672
0.000335609767276566
1.66695457510635
0.922303215833358
0.368484354084169
-0.00516105479524758
1.66813725037215
0.922401336954127
0.367419695109029
-0.000327159177012499
1.66797993620211
0.921395054633511
0.371578859980927
0.0021979694126044
1.66725705906506
0.921412426104614
0.368452517886589
-0.00102365596499109
1.66607842675514
0.929464839159811
0.354973053771357
-0.00122386862291155
1.679706432249
0.92936648509274
0.357466241148353
0.00164047798031668
1.68040978203696
0.922745801753866
0.36083489664226
0.00220988593409389
1.66616519971772
0.929234903928035
0.351585332345762
0.000269139743841409
1.67787118052891
0.928922467512048
0.35448309142798
0.00336807648335194
1.67823848186907
0.928035213882837
0.356154407995477
-0.000262224438282475
1.67679092594428
0.934314391014242
0.348743094194235
0.0232988165678421
1.68903658074625
0.933424496892912
0.340053161901354
0.00279574306731586
1.68345818887945
0.938874982698995
0.326390659468302
0.0130046843791784
1.69152193562094
0.934762955904885
0.336211522557239
0.0754594389635822
1.68807458902009
0.926147460536265
0.353390218967145
0.0422376929562309
1.67220201282122
0.942316033917703
0.320972659271135
0.0446493065609217
1.69869740438521
0.929535100401403
0.351492169876404
0.000274393018718057
1.67853769894919
0.932692734261263
0.341878132183111
0.00270268343717225
1.68240635518347
0.931244012126307
0.352744335015991
0.00999629618906711
1.68306966486953
0.940745525535021
0.325228507752892
0.0114143802387313
1.69545384925852
0.941396027506317
0.322954202585501
0.0422915247126359
1.69717067417019
0.930417839870993
0.350621708176407
0.0224110093094794
1.68045242330632
0.927465081467411
0.354956587152919
7.29301091346644e-005
1.67573790486759
0.927285036216404
0.355850139982457
6.62157927855019e-005
1.67537333662905
0.927755458582476
0.357173128348118
-0.000800442775222907
1.67633665948453
0.928743911708604
0.351962931749146
8.90577808030863e-006
1.67763651700951
0.927472983748224
0.354672482171814
0.000623862474923647
1.67561568814621
0.92824849567868
0.356381685220958
-0.00351540920739846
1.67710824011896
0.929958130015228
0.354191020243698
-0.00586686428779494
1.68035265723733
0.932386807480821
0.342255075544103
-0.00176733138611821
1.68331128655673
0.927917850119534
0.35094046449
0.000596800991254948
1.67548862650744
0.938127831637672
0.329846932137402
-0.0139082397371032
1.69237337023564
0.934049258036178
0.339118578934904
-0.000558830836805094
1.68593861398422
0.929872524525953
0.349352247549676
-0.0190859166057269
1.6784009228178
0.927751046957903
0.3525103611132
-0.0186065501429244
1.67456772375126
0.940926315732358
0.320935119466944
-0.0380548352799368
1.6963526304329
0.9399462248888
0.327556073446692
-0.0157055672502398
1.69587808395353
0.914737988595806
0.374887420478361
-0.0577311549328065
1.65473835599748
0.911431517747867
0.372683531518521
-0.0999922282730475
1.65063777856308
0.934812020544423
0.332679172440941
-0.0773190441380843
1.68828016597
0.85682290281853
0.458126413017311
-0.0504629806549766
1.56269910841594
0.883889357080757
0.445672527973672
7.24538590352115e-005
1.61420804622776
0.850241561154492
0.470221645227864
0.00814572032639015
1.55292164087195
0.923510684836214
0.359886815948894
-0.0382052996414433
1.66799404323294
0.934140387159011
0.331340732198123
-0.0750762933791339
1.68596488312813
0.942324494520501
0.319695046285146
-0.0410799999248503
1.69941923501938
0.887401735409328
0.412673414140225
-0.0886406974374878
1.6114441275661
0.906271151189008
0.378448726867188
-0.100895211998733
1.64119459001754
0.904867815465214
0.408244497787658
-0.0362246242593889
1.64462952448612
0.887850303177022
0.420205429179391
0.0966836503397724
1.61583972528811
0.863366601188797
0.455533347283121
0.0631042661682358
1.57628598020274
0.878393551209891
0.434136982847319
0.0409009837990049
1.59756604506034
0.892273544917484
0.430133078085809
-0.0339640098265556
1.62621135800779
0.862143908364856
0.453653488233333
-0.0525908023791237
1.57205933466043
0.88163911308048
0.417798429458116
-0.0908964636698366
1.60127993786095
0.862880593279345
0.461947763329815
0.0557769392482099
1.57783741373629
0.849301712480053
0.472707874143452
0.00881841912809985
1.55245514358085
0.875436312730116
0.443693818315624
-0.00317299790073832
1.59451543766151
0.916188428347367
0.372212615685561
0.0963116062842306
1.66026418737303
0.912494645312685
0.378197871029132
0.0540947608836227
1.65070370015719
0.933457945137712
0.336685522985807
0.0773349252978824
1.68506561598903
0.913271761902406
0.376676479456603
0.096959149286027
1.65498848694922
0.890984675812015
0.416247857178075
0.0924903603878945
1.62124171207326
0.89516750389469
0.407904015705876
0.0448713054468096
1.62318501845005
