0.927365498266829
0.357288902209181
0.00286049846689829
1.67563196008761
0.92791069999528
0.35670321043248
0.00186757281065713
1.67669021053352
0.927627854618046
0.356054679140173
-1.78182004062581e-007
1.67581318903447
0.927940143290312
0.356714776315272
0.00358169151526752
1.67676162978805
0.928343823355316
0.355123108808253
0.00109631162866811
1.67711850844753
0.928857789747487
0.354880693736088
0.00389863989137866
1.67823089653458
0.927449713560694
0.3571645963767
0.00292124589308496
1.6757833570173
0.927034240624183
0.358044568402575
0.00425161777311594
1.67514643786629
0.926173576319609
0.35976438735419
0.00552802376270955
1.67379903225176
0.926340009704683
0.359388670196056
0.00247070756564434
1.67403401876869
0.925460767546359
0.361140174024621
0.00268329021763105
1.67265461764271
0.925356730462408
0.362040392645627
-5.42421792900882e-005
1.67279296595737
0.929566808924363
0.352234808088586
-0.000310292393689567
1.67892422570594
0.930339626869726
0.350534026701994
0.00391123163617403
1.68008713544792
0.929653745709012
0.352647115987028
0.010111018229027
1.67930129583062
0.929416152932037
0.352985454658694
0.00238043847392196
1.67883111807353
0.929109308871756
0.35398058530118
0.00629303571871072
1.67848826251349
0.928820480148631
0.3548691889492
0.00383186896921251
1.67814519105973
0.926079483629611
0.359698038709359
0.00538261371580363
1.67355583006046
0.927598127939453
0.357133668151232
0.00589473459361799
1.67612999335466
0.928712026617202
0.354957990363616
0.00388545395266351
1.67792122983358
0.927253340293956
0.35786859613858
0.00827747639199869
1.67562029093108
0.929335987069988
0.353859874708353
0.00633640824902889
1.67897758358988
0.929707116665242
0.353181500378553
0.0100419164515433
1.67962724304536
0.931187273645333
0.347175666854202
0.022460164798347
1.68107894663385
0.930273799458222
0.35072575957449
0.015034129222122
1.68008928838576
0.929570864381724
0.352798816928946
0.0100220506983924
1.67918114890179
0.934049662416876
0.341957851108698
0.0116011821321354
1.68574403465036
0.931776680097515
0.347629114971027
0.00775201616443505
1.68241335249688
0.933664710430949
0.34275777216905
0.000777547984724935
1.68505206486437
0.912701765641207
0.386283633146306
0.0238277105411295
1.65341634871561
0.917505660240782
0.377239351810437
0.0288229911567884
1.66093816756833
0.922003005599976
0.367972793223905
0.0291680927830859
1.66773803119075
0.913048428598103
0.384346769498729
0.0372804809994249
1.65386863839095
0.920047534556697
0.370070111302334
0.0393980309119921
1.66433927388186
0.916048747734371
0.376106324110267
0.0540289001679353
1.65819358371154
0.928086610358747
0.353228016076047
0.0435213555050076
1.67677346542434
0.930723496152795
0.348172350318415
0.0314011371365913
1.6805739974375
0.93130211477386
0.346884311439839
0.0224670713902753
1.68130911548406
0.933651001632612
0.340066651062818
0.0468889223130755
1.68525712529309
0.934812417806527
0.339724896329658
0.0312124430090092
1.68718062792254
0.94084740234859
0.321221122799706
0.0450878447894801
1.69544826502657
0.921955516194517
0.367737474990579
0.0291300515516442
1.6675079553372
0.927280011292434
0.357165026766314
0.0285032798757021
1.67584314664071
0.931297852633909
0.347273834014716
0.0224745189934237
1.68142287126431
0.924324038676929
0.362060385936717
0.0360498714118983
1.67108180530752
0.930508621180262
0.347922445653441
0.0317275979079448
1.67998279030065
0.928170585295095
0.353087420745742
0.0433886570666853
1.67690164572085
0.900506810811921
0.404465455811965
0.0458716798505304
1.63399938953837
0.908164034735559
0.393400681826755
0.0322908567987189
1.64620825020135
0.913093276463352
0.386312104860747
0.0243384825577132
1.65436455061382
0.908475954659969
0.390510690586815
0.0525494474947168
1.64660600428345
0.912852051702998
0.38436467459178
0.0369813489165015
1.65341999625944
0.915979343493534
0.376334865446584
0.0542633542372327
1.65814385194169
0.925343148735991
0.3613433220852
0.0151691875073997
1.67260506631616
0.927308337649509
0.357793353659755
0.0192634144848791
1.67589087430311
0.9313727311343
0.347466373715688
0.0225204267021804
1.68163241898737
0.924265404723794
0.364007583043682
0.0207583299151994
1.67117997309762
0.927071231708754
0.357090589013728
0.0282844406890577
1.67532367085866
0.922040605674317
0.367671852500764
0.0292252818913496
1.66766735242547
0.919523932744218
0.372774433452592
0.0130897936992718
1.66348603725287
0.922424952354973
0.367354478629719
0.0156864491440255
1.66812451257168
0.925078987767698
0.361660082842496
0.0150836073119827
1.67210314042754
0.920179644400421
0.372215226205237
0.0202604990128176
1.66489945188984
0.924242007303969
0.363790714516079
0.0210541086857423
1.67104252108239
0.922297864799864
0.36793311055457
0.0289019767664805
1.66836190511646
0.919360353215923
0.373136844157788
-0.00344060680341428
1.66314356641446
0.919633727294036
0.372957853529079
0.000241105034328418
1.66370402511005
0.920404447213519
0.371048228489483
0.00247182898228869
1.66476275552202
0.917518328566477
0.377567755621088
-0.00147514225387416
1.66064831788775
0.918648695051889
0.375361555181226
0.00354217144420812
1.66236538950571
0.915297639481764
0.381585936249312
0.00382372974686644
1.65718428761932
0.923140045043477
0.365384280682784
0.00579055141758547
1.66890061618304
0.924820882850781
0.362348794353101
0.00641484989319938
1.67164290337697
0.926056681079494
0.359713629603068
0.00553725919153623
1.67351527464478
0.923752484334231
0.365089558697867
0.0099990327392701
1.67023467838881
0.92592122871564
0.360478461115676
0.0093532916556191
1.67350193114142
0.925216954816032
0.361781377803365
0.0149102625831899
1.67244771511413
0.91509861393332
0.381619639901581
0.00410704284478347
1.65672641990971
0.918721193617368
0.375339852040065
0.00335384629013904
1.66253036359867
0.92055541058529
0.370954874660395
0.00260681231215506
1.66507290835038
0.916998300020865
0.37820251955064
0.00998156875167195
1.65977423275245
0.919752540852673
0.372956817804242
0.00619760166063615
1.66399004021781
0.919567472508704
0.373085179968262
0.013091232348725
1.66371060103444
0.926277584536871
0.359565011274823
0.00552832146202144
1.67397814670445
0.927231265863916
0.35790887756354
0.00811908908324637
1.6755817984552
0.929524163235467
0.35321413256332
0.0101077299402817
1.67921251834733
0.925890228355494
0.360614670351512
0.00922587123940766
1.6734812036429
0.9276358258278
0.356832802393065
0.0136184606543564
1.67619897548867
0.925114831234394
0.361607366857758
0.0150372816733313
1.67214401803367
0.924990895715326
0.361429490897982
0.0147857145566558
1.6717911602469
0.927772948011321
0.35674318449994
0.0137688857732253
1.67649065730164
0.929444808696477
0.353081849976806
0.0100053885870401
1.67898588745768
0.927404485812514
0.357716021837436
0.0195410065043274
1.67609409794556
0.930557356671738
0.350510471911158
0.0150291602490475
1.68067587121894
0.931421887441867
0.347544843681209
0.0223745922144642
1.68176226944883
0.92739171626009
0.357316212653943
0.00292496619591727
1.675702458394
0.927439027467084
0.357149299683244
0.00188194151603683
1.67574554539795
0.927374756712254
0.357077126493545
0.0020686376676049
1.67556918166958
0.927893078384091
0.356689335536282
0.00181353922975197
1.67664352619597
0.927450640504101
0.35761434155823
0.00127627194712512
1.67595835126117
0.927700184309663
0.355981745517633
-3.90219320246926e-005
1.67595331925181
0.926187890847147
0.359774566105412
0.00558917462517559
1.67383777916121
0.926986473476467
0.3579820415448
0.00418990308710053
1.67501010233256
0.927380923349778
0.35723460650481
0.00285106413353519
1.67564940090709
0.927612134027201
0.357139378784146
0.00581893066899676
1.6761644120197
0.927869001425381
0.356768253648632
0.00352431037060519
1.67661477075966
0.92870244726514
0.354987303875025
0.00394403541512689
1.67790708898517
0.927477121592429
0.357608289001113
6.20845590039107e-005
1.67605170580833
0.927583888544319
0.356701868522336
0.00149222392254786
1.67591787373384
0.927557536499535
0.357363325276498
0.00204951577988065
1.67610927845321
0.927162749146888
0.357589166396117
0.00143685638627745
1.67527008809303
0.9275133619575
0.35719235843804
0.00188504262134797
1.67593681428993
0.927404552668253
0.357385117686434
0.00288872947824632
1.67575912799528
0.916113863761114
0.376661724726219
0.0542635171123528
1.65860590505324
0.923069364934832
0.362870650822182
0.0499641524506361
1.66902890447545
0.927772840725632
0.353522297608981
0.0436426431923033
1.67620244096875
0.922535885239438
0.361011462919974
0.0689059782735015
1.66839901464694
0.929782641328319
0.346950376353856
0.0574081069937393
1.67921004114566
0.932683261288846
0.335706352619572
0.0783453100688244
1.68332586614969
0.927498422697587
0.357130437559715
-0.000937489591716112
1.67587802772349
0.927414022379806
0.356997858542077
-0.000395955902535922
1.67563197521699
0.927482194941213
0.356926188738492
-0.000278275225542245
1.67578152929941
0.927247719288775
0.357447359200265
-0.000585782784295033
1.67541350235864
0.927358452007479
0.357547702400712
2.99459615303681e-005
1.67573300352335
0.92716930343224
0.358151799647988
-0.000106992706028605
1.6755463557456
0.927461117243504
0.35712494813557
-0.000924553901309281
1.67578829846872
0.927611435580044
0.357350400916989
-0.000351533941087243
1.67623229144544
0.927428176386643
0.356886365209754
-0.000294231280070961
1.67568096054173
0.927376450389909
0.356915509494044
-0.000431610513952141
1.67551435851456
0.92754389020806
0.357238380629735
-0.000120034342387316
1.67601923659006
0.927407810227539
0.356814422540552
-0.000254369650663776
1.67556573268172
0.927533685170254
0.357113487206527
-0.000940056603341042
1.67595446039295
0.927009997000607
0.35796708280993
-0.00110343488160427
1.67505737222062
0.926324235313825
0.360128256884334
5.72355203087511e-006
1.67431650432902
0.927553595014199
0.357056308655842
-0.00185276586848208
1.67597894952893
0.926659635958767
0.358615227669395
-0.00215522619956798
1.67448130383898
0.927645836188057
0.357096821961897
-0.00348010811738571
1.67621390428511
0.927774307771918
0.35697935038564
-0.0035420906104065
1.67647542365628
0.928104451450929
0.356222334302562
-0.00121695294536564
1.67696682279084
0.927754973524484
0.355422490513425
4.19072404681625e-005
1.67589925963344
0.927584833975649
0.35714662253652
-0.00190869345296665
1.67608895872228
0.927714512843696
0.357010225413376
-0.000704878430074109
1.67634140299132
0.927480452115444
0.357049774144786
-0.000932538744061577
1.67580535912572
0.925638106748105
0.360803085980003
-0.00677517338753861
1.67296366808566
0.926970750755572
0.358361063585553
-0.00541343523646878
1.67512022169576
0.927670776903733
0.357106725843086
-0.00354978063917026
1.67627391270046
0.925856459941449
0.360408745315204
-0.0022592007037186
1.67330168297267
0.926587207661942
0.35865668788617
-0.0021353597512521
1.67432831947709
0.926366738878444
0.360106692275991
3.53021172179786e-005
1.67440599225921
0.927775998761097
0.357186490182143
-0.00346105052492431
1.67656753914624
0.928335775424475
0.355389803406965
-0.00510084963356998
1.67723210363292
0.929602594510685
0.35220477882842
-0.00665138088317888
1.67902283551995
0.928687319372923
0.354828799759385
-0.00250512975470333
1.67780232767439
0.929763127191324
0.352258795697156
-0.0024949300829137
1.6793550776873
0.929032982287638
0.352794621893374
0.00012183945306012
1.6779149595423
0.929534151127865
0.352113847031782
-0.00645631829770725
1.67883110253168
0.930417028012056
0.35107127773813
-0.0108487896938514
1.68055804906613
0.930869002017936
0.349956170640321
-0.0182856307818725
1.68128710592159
0.931323216707433
0.348726518849329
-0.00540401690291732
1.68169579075475
0.933465257922181
0.343711971746612
-0.010890659746631
1.68495563431751
0.933544801633421
0.342605936627144
-0.000999277007198662
1.68482815614931
0.922369953677782
0.367687520543788
-0.00530256811634532
1.66800899250679
0.920948537205088
0.370220295660825
-0.00524422634508956
1.66569013602045
0.919502140444349
0.373268534721913
-0.00343591835743796
1.66352977910938
0.921194126168359
0.370103339444283
-0.00824390418069474
1.66622563825698
0.918990072238011
0.374552605517416
-0.00744344016937694
1.66286396716685
0.918972141000834
0.374152875896624
-0.0127682799883381
1.66272538584977
0.923924668857558
0.36508571011614
-2.73302817683598e-005
1.6706320833929
0.923313929017214
0.365821344396055
-0.00233506370853991
1.66946632117606
0.922345922086652
0.367488596777155
-0.00518167830382786
1.66787180278287
0.924461391995601
0.363229553895143
-0.00328901302502164
1.67112677642544
0.923929825587217
0.364264825345794
-0.00680813770506862
1.67030555037893
0.925648207690493
0.361051306243432
-0.00686416741723059
1.67307682768563
0.927714485966872
0.357148682060429
-0.0035824714333451
1.67640473768691
0.926953387808807
0.35829465927196
-0.00529988496462691
1.67504562205898
0.925455598686635
0.360901755551722
-0.00684363015448855
1.6725850470709
0.928497711948337
0.35552251427386
-0.00483640749349898
1.67764667376678
0.927481767961585
0.357542697030127
-0.00820609144274326
1.67601485647329
0.929828462730016
0.35221882222639
-0.00660947065958057
1.67956189728526
0.925821410495361
0.360762498838872
-0.00659861093195673
1.67338289186633
0.926808443376119
0.358647595489783
-0.0121001955984424
1.67491258197478
0.930460316142641
0.35020253038595
-0.0187377669908838
1.68042600564881
0.92760060010312
0.357485353656144
-0.00843686119922089
1.67627777692911
0.93022986571484
0.350808773667813
-0.0111375825533583
1.68001649774749
0.929707538000783
0.352206010299936
-0.0063505868084248
1.679270246985
0.923789134568002
0.365027852019677
-0.017415085978771
1.67044141765413
0.92429964470306
0.363523266398952
-0.0266933975208188
1.67122144333351
0.92649206419774
0.356540697363228
-0.0385229973923562
1.67410773630877
0.926819919371929
0.358408809040074
-0.0204688138036107
1.6749943441754
0.92968730307138
0.35099584252505
-0.0277358264327231
1.67916630087621
0.930421618220996
0.349256404514769
-0.0184047147881668
1.68000036472425
0.922406674945734
0.367568055553734
-0.0052328685564499
1.66805285242435
0.922334448593864
0.367715205583934
-0.010610969029426
1.6679543121744
0.923377388272989
0.365448444396035
-0.0175484249954127
1.66963360102671
0.923994689833575
0.36427698731374
-0.0069629000329003
1.67045799272169
0.924976998419481
0.362402971592904
-0.0110105102973388
1.67206947997503
0.92568689668593
0.361035935995535
-0.00674957234881189
1.67316761556613
0.916336951664286
0.378740012100003
-0.0293078317313686
1.65884218211595
0.911781722299124
0.387083753798835
-0.0347760131588196
1.65198813198284
0.903833545149999
0.399086741541655
-0.0401391727239812
1.63903633214271
0.915856584942171
0.378378148986564
-0.0407798952361405
1.65805167002929
0.909263871012147
0.388431088225502
-0.0503437602348563
1.64743602954855
0.91611700783619
0.376207325778993
-0.0566803598895552
1.6585296531832
0.926427143469029
0.356119641191001
-0.0384090452185215
1.67380760756591
0.920788301475668
0.368865131967112
-0.0363117825426246
1.66548890462675
0.916639666378809
0.378671221001527
-0.0291368588031134
1.65950770770286
0.922534017469865
0.364221430941495
-0.0481420311114343
1.66826393482747
0.915757534764678
0.378452304911798
-0.0410075727953742
1.65785755394912
0.916027543027411
0.376217037480427
-0.0566242322438427
1.65831266138965
0.919101277714535
0.374267941759205
-0.0129995347107266
1.66309063278348
0.916100553361074
0.379960441573617
-0.0131972986838919
1.65844245763491
0.911873691337893
0.387601841837274
-0.0105707463153494
1.65178734562679
0.918008130039995
0.37671143187455
-0.0193091261314844
1.66164711632517
0.913229751634001
0.385500492633928
-0.02030304867887
1.65419927281704
0.916575669306057
0.379028025593734
-0.0294014926177302
1.65950868622575
0.922273514975701
0.367629793404185
-0.00544101250320391
1.66776439448084
0.921130333326253
0.370148949933966
-0.00805244200149737
1.66609345331494
0.919164318234754
0.374120185721378
-0.0127683082857227
1.66316091385845
0.922345709801613
0.367705605005615
-0.0103298553715197
1.66797693191634
0.921155606594466
0.370134379078355
-0.0162066703276376
1.6662668627024
0.923552119458457
0.365464055276806
-0.0179375189677528
1.67005260634554
0.919516445024347
0.373414752315947
-0.00326546415839613
1.66362096355365
0.917559422856068
0.377369116583838
-0.00169550101930364
1.66067076384673
0.915042664376647
0.381796484613419
0.00384098571865639
1.65668590063917
0.917085022567245
0.378518810481183
-0.00589306032522636
1.66004784038177
0.913110756374863
0.385747689593695
-0.00177673276443176
1.65380368432707
0.912059237581815
0.387564722435657
-0.0101343314414152
1.65217813489121
0.923496149672687
0.365248150944303
-0.0176777540812133
1.6698373922568
0.921064270147291
0.370197004990221
-0.0164150321278735
1.66607891163571
0.919318172869069
0.37419073185838
-0.0127679090575111
1.66355721579463
0.921076940323136
0.370385273699318
-0.023408805569085
1.66633739940136
0.917798232210119
0.376849969136239
-0.0195352530590637
1.66122019988881
0.91655551861002
0.378970697860684
-0.0293320993048033
1.65942810602085
0.919642421106576
0.373092801152841
-0.00339781111301666
1.66378285393896
0.920993288790101
0.370347143798064
-0.00509398873755334
1.66584424375528
0.922267281562206
0.36761857831966
-0.00541679913214185
1.66773667033029
0.921357970618233
0.369677951187978
-0.00131451615806313
1.66641677935687
0.922008748738149
0.36834603304335
-0.00185560268233133
1.6674079252858
0.921833255306634
0.369284236360343
-5.56331644671394e-005
1.66740926154629
0.911922224457776
0.387529868713754
-0.0110621585563805
1.65191018818083
0.907552860257882
0.396003193542364
-0.0120456704293602
1.64544303094437
0.900612901229722
0.40756807280631
-0.012481801928844
1.63462622512376
0.908206078665821
0.394927347114854
-0.0207710606425851
1.64661733113423
0.901348664030101
0.405755983940579
-0.025992942772111
1.63576187650615
0.903963637163974
0.399467921406131
-0.0402780793211934
1.63948026632457
0.919398861483913
0.373390793534036
-0.00346833014153799
1.66334124112268
0.916979944267996
0.378594731567344
-0.00571249848934471
1.65983070494339
0.91233531050753
0.387412187543205
-0.0104482322895962
1.65276172238425
0.918833670578221
0.374591524482272
-0.00722163367911252
1.6625132776923
0.916199442725428
0.380215587693854
-0.013081266963352
1.65877788074518
0.918995621527244
0.374191400899197
-0.0129860709739596
1.66280338520496
0.915050687273797
0.381791447256711
0.00402626607564623
1.65671926432932
0.911906262444694
0.388499611937277
0.00561938602591599
1.65216172046833
0.906713641817652
0.397573308184354
0.0072897576185481
1.64417460430616
0.913185875920562
0.38588761716227
-0.00166293515400985
1.65402370168556
0.908903424201632
0.394126538575392
-0.00371004738923783
1.64769599934978
0.912097489902676
0.387756961201073
-0.0105394961931246
1.65237813664045
0.878861207954542
0.441660550954648
-0.00192481317250619
1.60139766077273
0.887538811429034
0.428510721653995
0.00851337405387324
1.61446356206914
0.894209975090049
0.416845487601122
0.0143381003298551
1.6243410745033
0.878469252434226
0.441197016511894
0.0213834817506519
1.60061557555091
0.888761047231914
0.425494826746489
0.0258558084015623
1.61613197524268
0.882508547770364
0.433838550425271
0.0432168339559736
1.60679797506463
0.900835458449338
0.407849521610599
-0.0123602202053001
1.63532177222488
0.89654969380567
0.414202177838343
-0.00114010522248187
1.628339932805
0.894473128425502
0.416849137359851
0.0143446026690934
1.62491998647792
0.891806769597513
0.421207209682598
-0.0099309812974691
1.62074578262691
0.887243173372204
0.428670040362079
0.00840309970214837
1.61386539212339
0.878699934472981
0.441816276130887
-0.00184984217302175
1.60103549881695
0.91629033493615
0.378575123851255
-0.0292186102836565
1.65866234544487
0.913217118147515
0.385836116897367
-0.0205147017004196
1.65431214833195
0.91236453615856
0.387317174421483
-0.0105680267522374
1.65282776224759
0.911369377443728
0.387144637255279
-0.035119752760569
1.65106822767057
0.90813293386745
0.395072789798371
-0.0210538463479609
1.64651213611334
0.903921383950878
0.399338697987392
-0.040088332660814
1.63932423309152
0.906579029398927
0.397815458387592
0.00726455452180727
1.64402694379739
0.901705091201348
0.406174887547646
0.0102729933385248
1.63641018535963
0.894530933437785
0.41706917855927
0.0144894013765566
1.62513179922992
0.903304564573786
0.403676606751751
-0.000864043506693107
1.63889155280324
0.896688286266289
0.414187600923602
-0.00102920395250963
1.62863040244817
0.90074250123066
0.407873716798385
-0.0126295950419165
1.6350730670038
0.93074971866037
0.349282943108008
-0.0185767242204522
1.68080328240969
0.929710140950756
0.350755228468999
-0.0275023014961047
1.67912765200335
0.926387255409717
0.357226862435996
-0.0382769899453091
1.67410758173675
0.934637124060475
0.34071388933615
-0.0256300711394726
1.68692240138134
0.933343527271976
0.341326748589259
-0.041782182846675
1.68466629749543
0.94157096758152
0.321459022285279
-0.0373046407780187
1.69708131393553
0.925472939335302
0.360652446850744
-0.00707153338627791
1.67252514579725
0.924883600139166
0.362467743213904
-0.0107034551324285
1.67187925016352
0.923551436110337
0.36528630665465
-0.0174458430057116
1.66997550919332
0.926843194269265
0.358767619525089
-0.0117718232577528
1.6750373469118
0.927017050282547
0.358229605172121
-0.0200412752975448
1.67538764936894
0.930714416683743
0.349927759753647
-0.0191216509485033
1.68092873812264
0.915845657653521
0.376488923588018
-0.0566075650256171
1.65799431556368
0.923551432869847
0.35812696419328
-0.0685163561205319
1.66959435901024
0.93437759817205
0.331895267195224
-0.0740889732397233
1.68579472616444
0.922692967996049
0.364067572732785
-0.0480137618079967
1.66857274973324
0.929340723266827
0.349476227042109
-0.0532643415385838
1.67883171936494
0.92657369469606
0.356290065425673
-0.0387540988898781
1.67424248342373
0.923435113213034
0.365049538973524
-0.0178898396942008
1.66962861504239
0.921113574543373
0.370463587047168
-0.0232158624877632
1.6664509808216
0.916489896080821
0.378924296992143
-0.0293289310553282
1.65924871228496
0.92437331630148
0.363510082168389
-0.0263392554191159
1.67138785203825
0.920917551960705
0.368688139615943
-0.0359877135710698
1.66571255479053
0.926590762986508
0.356294836457
-0.0387210737763356
1.67426183636963
0.904264844773238
0.398465624347116
-0.0403480086965554
1.63983698102486
0.903472917049716
0.3977608409537
-0.0671328084877386
1.63917921976065
0.909586695094367
0.376573634304808
-0.101061638522467
1.64744802306374
0.909639066968237
0.388863955549828
-0.0509191001665399
1.64849797540476
0.91324512436859
0.377663395259995
-0.0752999760251737
1.65390106825623
0.916029630655576
0.376196722248446
-0.0565360015321132
1.65834233647851
0.887874235183971
0.426156936194429
-0.0361850458909368
1.61492016852565
0.884200584046869
0.428682202919933
-0.0610692831670267
1.60912606935305
0.884905277393654
0.41986462382439
-0.0939900306648032
1.60930364683969
0.897127620857633
0.410999263120806
-0.0406909956085634
1.62905775727571
0.896415458763432
0.410752403709767
-0.0598200621102792
1.62837213799205
0.903997763193116
0.398541621970422
-0.0405932322634969
1.63926234767305
0.92038328319281
0.371219364925844
0.00237656209834057
1.66477504123896
0.919670214076557
0.372828127550345
9.55777122143347e-005
1.66374372121827
0.919492199278678
0.373166596453079
-0.00327351307908197
1.66346036367103
0.921325122969631
0.369700932019328
-0.000330071770839551
1.6663487865547
0.921425691614017
0.369615130080611
-0.00143935919890953
1.66655040920363
0.92188816525936
0.369322125581875
4.69261678028018e-005
1.66754924685609
0.92315931627656
0.365587617923721
0.00586533601469638
1.66902577717552
0.921610715982941
0.368792953906176
0.00497256810197535
1.66667440850084
0.920415967834479
0.37102721791637
0.00252978919715808
1.66476866942887
0.92269602507377
0.366968566715905
0.00228475385052529
1.66846873014803
0.921814335988286
0.368951681353073
0.00156530300006562
1.66719190407701
0.922443821855887
0.368113031571935
2.95936977652804e-006
1.66837171503712
0.923160121332835
0.36546598042517
0.00589013702020492
1.66898687240129
0.922026901589057
0.368458189462329
0.00928916578275479
1.66751420073516
0.919747057014457
0.372955823938692
0.0130058084688753
1.6640724916766
0.921588955896675
0.368820065746465
0.00509820426101308
1.66663362495076
0.919787823410963
0.373056565752279
0.00642809731978726
1.66411276819024
0.9203546687382
0.370916778632217
0.0023804321272904
1.66458349648434
0.925440321006293
0.361978412340367
-2.65058381233428e-005
1.67296913927441
0.925504691576225
0.361118070895023
0.00256072106691218
1.67274851589707
0.926115494370766
0.359752597918393
0.00556581232561478
1.67366101442925
0.924500327742945
0.36331101383883
0.00257727217715557
1.6712516967388
0.924806664172302
0.362407357735969
0.00631985475763705
1.67163147663159
0.923226893331484
0.365435914024087
0.0059854806625805
1.66912121321107
0.906644722261258
0.39765259139554
0.00715993779169605
1.64408462526858
0.9032587128312
0.403705368508894
-0.000997006949918224
1.63880528560058
0.900557558278525
0.40775529456315
-0.012359274541271
1.63454996565694
0.908862333953189
0.394071479299995
-0.00376496383647166
1.64758741381359
0.907611052072354
0.396080428384241
-0.012119765879353
1.64560344289619
0.912248602347308
0.38788139536699
-0.0104589419057719
1.65280000982402
0.900883910973099
0.407269101827641
-0.012785418088458
1.6351796386644
0.894982429684812
0.416140984764691
-0.0215011535955881
1.6257840419057
0.888251839523425
0.426248150943105
-0.0359781512364712
1.61578607433329
0.901044843822534
0.405977325124461
-0.0262158073479291
1.63514687245784
0.896786734253142
0.411368399429734
-0.0402111366908786
1.62840922482925
0.903613481366517
0.398654803611267
-0.0404335072560585
1.6383605204715
0.900541318645255
0.407730346129522
-0.0128194865561758
1.63460328317795
0.891975409921946
0.421233405766272
-0.00980914045269204
1.62114364156565
0.878609697727727
0.441708737745461
-0.00189070139183459
1.6007911848999
0.89512121280397
0.415914203866071
-0.0215395370650784
1.62600248544194
0.882195771589053
0.435712458647109
-0.0206346674752075
1.60617923492565
0.888232196654229
0.426409735312951
-0.0358806170796587
1.61580453046787
0.887968043402333
0.426427292079687
-0.0357143874240604
1.61523809170805
0.882192270936342
0.435893169347684
-0.0210538350453108
1.60625130129817
0.878762705648201
0.44120557350054
-0.00222363695323446
1.60095172577147
0.8765579295118
0.441311818472098
-0.0441918262544891
1.59720450018401
0.868487099970812
0.454113281308805
-0.0230741183044431
1.58490413529626
0.85971728718196
0.461007566293732
-0.0551135967916871
1.5704178584604
0.900513550637247
0.40496880801139
0.0457329478149545
1.63423787906984
0.8959095458144
0.413714255907293
0.0310530182331793
1.62713559042088
0.894329850102695
0.41722327549565
0.0145931799641242
1.62474493649935
0.902431365138359
0.403892447866407
0.0215821175690458
1.63729300248445
0.901962307785754
0.406014473693685
0.00998558897103077
1.63693714964769
0.907044502583627
0.397635618706076
0.00751191458216835
1.64499511770279
0.91504402703784
0.381578157268475
0.00386469970830646
1.65658629945603
0.916997857775381
0.378245778735178
0.0101800884159591
1.65978733779428
0.919570255939637
0.372976507066851
0.0132468347108022
1.66368967578086
0.913398006342258
0.385600998833939
0.0117298470742086
1.65448181184569
0.917190966430536
0.377925018047058
0.0179466455832281
1.66019101092469
0.912865597742671
0.386300617027694
0.0237242157587824
1.65379323153104
0.915812722015166
0.37696403210913
0.0545024338973085
1.65808932146706
0.914428729490106
0.375790113035741
0.0731162762918738
1.65565843827533
0.91242888040153
0.372994915531482
0.101312894887214
1.65239023703381
0.908759054236843
0.390299529644155
0.0526683306631192
1.64715353178753
0.903139826936432
0.396906124024213
0.0730594224000648
1.63861139277969
0.900923865022705
0.405036961633851
0.0455162544507512
1.63522128501303
0.912655112386855
0.386538768326513
0.0238636026272815
1.65341133103849
0.909063962835531
0.393538599912419
0.016957876693643
1.64794877954781
0.906604800652289
0.397691464894562
0.00735988568513742
1.6439558214159
0.913307661960522
0.385457274761617
0.0114852620011605
1.65421130043268
0.911990529043814
0.388484256556697
0.00537499720698792
1.65236362992356
0.915284003046505
0.381650920256035
0.00417245052882077
1.65718780179057
0.922144949241447
0.368017836294965
0.0290264945935896
1.66805040299602
0.917435819131891
0.377297862502564
0.0286103220551614
1.66080333058994
0.912653366514568
0.386186096470203
0.0240603290732085
1.65325312117617
0.920064506902238
0.372216811997558
0.019994299296111
1.66462892935271
0.917196526617817
0.378046207085609
0.0176373558214648
1.66025401688641
0.919815162241867
0.372757804900137
0.0134124950320893
1.66417381255359
0.900761160278896
0.404644122002121
0.0454734527034156
1.6346511967031
0.902576356576935
0.404048103954223
0.0219329029898577
1.63770875786321
0.906649678362122
0.397518819851656
0.0069979549014142
1.64399345383494
0.90830122079629
0.393213918017991
0.0327450661683982
1.64644795244681
0.908971929192579
0.393542029802361
0.0172668244550496
1.64773511400477
0.91264856284942
0.386585205006182
0.0241008552359761
1.65344560396075
0.882908124176191
0.433864092683278
0.0435078431207519
1.60775073243965
0.87442223199348
0.443471858437472
0.0516106378897447
1.59386118978846
0.862578784181409
0.458336801712643
0.0623099777052861
1.57574259632618
0.878206975843171
0.441380929809901
0.0214651288761831
1.60011434229658
0.868292394097584
0.453645729652603
0.0237200503696761
1.58427751152358
0.878850615224802
0.441024920320134
-0.00211254627724204
1.60108661918763
0.901028426769751
0.405079554317272
0.0460106011256617
1.63551379357321
0.893004809799932
0.417725314383456
0.0459235545883711
1.62291910722669
0.882837139331641
0.433419210037705
0.0428717682109765
1.60733454975074
0.895991007582452
0.413971606833295
0.0313399038835133
1.62745204982262
0.888595657602503
0.42575716091985
0.0259079078681141
1.61589357220293
0.894073518249569
0.416872489338246
0.014340511896507
1.62401948973022
0.900764552760755
0.405477192805954
0.0458453617355991
1.6351206173455
0.89487754245658
0.411562979496422
0.0656032964142429
1.62565759627213
0.88745502507102
0.417471354602313
0.0968912609437516
1.61412672314504
0.893221429111815
0.417480268241926
0.0457761950530988
1.6232942456392
0.882650347677791
0.429542764238744
0.0690046405139105
1.60671661187163
0.883155567323491
0.433392724642661
0.042820185385741
1.60804699414876
0.923329101536689
0.365322979835816
0.00596746977625902
1.66932775371902
0.923678477961096
0.36511006538759
0.0097850321874705
1.67006702326119
0.92512831365397
0.361797560222218
0.015024702311761
1.67225285190481
0.922042509851486
0.368533869774383
0.00907994214263104
1.66758103282479
0.922369468821372
0.367397272232273
0.0155299482536772
1.66801054903652
0.919590935690673
0.372828896303803
0.0132823097445054
1.66365811049479
0.928119243320657
0.3531407681591
0.0434759331340929
1.67681314612053
0.922825911939524
0.363162601269264
0.0500049294370326
1.66859596852964
0.91584404821416
0.375947598983168
0.0542414322279299
1.65765784482296
0.924275657030525
0.362180467069749
0.0359609397083818
1.67102611576946
0.919944647813101
0.37036102272685
0.0390665359466513
1.66421950178732
0.922221191468917
0.367687490019861
0.029395129666459
1.6681338781319
0.927468246628913
0.357185119629355
0.00286259089792893
1.67582829224492
0.928153016964192
0.355005681574026
0.00266413181759725
1.67661372316199
0.931627686967238
0.348303704338758
0.00336435172222952
1.68227592454423
0.926738240105066
0.359450655301274
0.00246493056087596
1.67500064269938
0.927500930817468
0.357143849036981
0.00707167978872051
1.67591607152167
0.923117786037827
0.365901502797916
0.00357358071668384
1.6690430984642
0.928162685717934
0.357382577444969
0.000452898920856203
1.67757606027161
0.928168188893075
0.3555113122747
-0.000437727873098588
1.67687250474247
0.933110757213808
0.349458405688067
0.00181824765990705
1.68621129458931
0.928474084616447
0.356154222390708
0.00166329178756847
1.67780232798544
0.928160379337159
0.354740435268161
0.00272408814010233
1.67652802885638
0.927989661024587
0.35726002099018
0.00234821408151515
1.67708485314965
0.922229422020082
0.368181263745161
-0.00013395431996262
1.66789504608024
0.92394014208428
0.365208203438594
0.000109422902364869
1.67071954436018
0.92535632583943
0.361971070790769
-5.38234230624526e-005
1.67276982134448
0.922709791598278
0.367020585748313
0.00241778187457458
1.66852197556138
0.924477503649047
0.363230213775618
0.00266440687285105
1.67116593143308
0.92333719141198
0.365516512471642
0.00588099765519876
1.66941242809085
0.927543675635652
0.3576060857023
3.82725552288455e-005
1.6762092113818
0.927191798756475
0.357635337462761
0.00137641847012084
1.67535643974707
0.927280451507349
0.357283938464557
0.00296419551189011
1.67542983066199
0.926632391060988
0.359287333525045
-0.000126881258705274
1.6747129680416
0.926368830862123
0.35933866355702
0.00241486842277565
1.67408234255345
0.925461945875293
0.362052707559506
6.83476299653144e-005
1.67304244105596
0.927466665391915
0.356936587034472
-0.000280261247364452
1.67574942682089
0.927464778588911
0.357213883082744
-0.000275022322787572
1.67585966664422
0.927397324701893
0.357412921502849
-5.57481789051482e-005
1.67579131695427
0.927367409105797
0.35752239545242
2.71462665615416e-005
1.67574387076189
0.927440429320248
0.358239654941695
3.34835795878873e-005
1.67620877460173
0.927059830731093
0.357995396119871
-7.12044409221707e-005
1.67523050588132
0.927361564418805
0.356866806120346
-0.000265060417772875
1.67547684764689
0.927548276018551
0.357216701028105
-9.56943655119404e-005
1.67602152632434
0.927460226491968
0.356999456876462
-0.000301450394559753
1.67579860058338
0.92738576945565
0.356964984319444
-0.000296635706158746
1.67558068854403
0.927525428600856
0.357180095554899
-0.000114646351585132
1.67595212351711
0.927461352745218
0.357054425164816
-0.000210021704716245
1.67580454107755
0.926338715580833
0.360118001784927
-9.44423281895507e-006
1.67434699091745
0.926953341265767
0.357965184803538
-0.00107723878897873
1.67492437119107
0.927549309103185
0.357132820098608
-0.000947625150304801
1.67599844439615
0.92690241085246
0.358985819770175
4.41303030176749e-005
1.67523051259893
0.927235065174968
0.357425944668587
-0.000582061266581824
1.67537598546344
0.927176803758508
0.358265343124208
-7.58939998052586e-005
1.67560251405886
0.923990549308967
0.36505269964682
-3.68485980390614e-006
1.67077620564372
0.924503773243806
0.363265287090213
-0.00331606027725425
1.67123758376808
0.925446967760556
0.360944789149075
-0.00675887822063473
1.67256487984199
0.92535612035138
0.362014826563095
-0.000150323818804806
1.67278228675579
0.925893833538303
0.360360036122278
-0.00228262634526734
1.67336810092148
0.92637351233797
0.360101869347552
9.01446584253685e-006
1.6744221884495
0.924028713283221
0.365066599886253
9.52217778200929e-005
1.67086966100123
0.922748776541955
0.367377848966828
-0.000117597784316902
1.66878843190416
0.921911443981276
0.369256959835924
1.41290446204436e-005
1.66758367844048
0.923320275330303
0.365781980308576
-0.00244465937955792
1.66946363407006
0.922092123321985
0.368374231207593
-0.00198147389953729
1.66761325091427
0.922154610002969
0.367534395185125
-0.00527828432975411
1.66744019092862
0.922334926939095
0.368100271549936
-6.36938292528536e-005
1.66811229687348
0.921767881021629
0.368946332648832
0.00165025270950815
1.66707932034959
0.920601081500835
0.37112720783844
0.00238785107487675
1.66524352664738
0.921687497563596
0.369739303188699
0.000134324597671239
1.66725413050972
0.921289477005295
0.369809537912522
-0.000227152622517798
1.66630844739142
0.921831982411056
0.369249868502965
-1.99401275661411e-006
1.66739141978414
0.926788227832657
0.356250600206234
0.000512495307168829
1.67391079860036
0.926535406587779
0.358145824544998
0.00162971097222243
1.67401250994755
0.926950943933859
0.357116441095287
0.00233167963965266
1.67458711144989
0.926968222065449
0.358238287975305
-0.000432427883694803
1.67510269328154
0.926774113553719
0.359654186258701
0.00256213441910046
1.67516236266388
0.921533445238163
0.364643095037439
0.00162737739456771
1.66483531611711
0.92943674717345
0.352259752016271
1.01581512756527e-005
1.67862293458784
0.929288513143264
0.35291881280844
0.00222804231814831
1.67850495482978
0.928966598793544
0.354907549106639
0.00395559803394939
1.67849887228161
0.928367737464771
0.354898653585334
-5.6717820002253e-005
1.67710568628356
0.928292403238104
0.355108224261289
0.00101364201919516
1.67699162554038
0.927699810936273
0.355979603638414
8.70061033272801e-005
1.67595615885499
0.931194858181768
0.347189494627044
0.0224409074819462
1.68111649846465
0.934062214621966
0.341647488183592
0.0115814475086626
1.68565755257873
0.933202186221371
0.342658415625029
0.000457727563743427
1.68393516106909
0.935305445652179
0.339331385724716
0.0203683519959145
1.68791051685361
0.93639425971977
0.336460339555315
0.00535330479799313
1.68922220223768
0.938618946578333
0.328432607594172
0.0123674429773169
1.69170742075646
0.93310278872227
0.335699275221462
0.0774936722251914
1.68425943606323
0.929726462979978
0.347127648907715
0.0574578610963573
1.67916440876557
0.927907861002636
0.353424372697057
0.0435707171516844
1.67644964698574
0.938348641127277
0.325933363610984
0.0608103932069141
1.69202698285542
0.933702436104521
0.340130273752439
0.0470693745821119
1.68541743164751
0.941421875280824
0.320810247358843
0.0454360587440565
1.69669160516991
0.929508289290723
0.3523339232477
-0.000405718859417594
1.67883102421419
0.930995856683528
0.349231779535214
0.000158375448054738
1.68114945415118
0.933165519855111
0.343133202538234
0.00139801464630207
1.68400999620019
0.930273366999225
0.350311591868744
0.00379014902555447
1.67984644682486
0.931884670988791
0.347484612631437
0.00763297388390364
1.6826134666342
0.929837923170928
0.352731227521428
0.0101808627250059
1.67977327921799
0.939390680554334
0.327414648548728
0.0120479113959785
1.69317749919903
0.941592453471998
0.322581262852691
0.0268174911103996
1.69704824843778
0.94035824914984
0.321976176525164
0.0446343221011142
1.69453830872724
0.935121210559434
0.339276804966096
0.0204889170083545
1.68745532790867
0.934708761312015
0.339618741461086
0.0315512559441588
1.68691230373814
0.931010011350152
0.347009832599696
0.0223776483520471
1.68063721970873
0.927927669354956
0.355432611353305
-6.17684344464263e-005
1.67630792649665
0.927541696689293
0.355910464492547
7.35885181165622e-005
1.67558848637667
0.927513149412841
0.3566443315581
-0.000317676106341317
1.67579285564169
0.927823652247271
0.357052394519236
-0.000655282380081927
1.67661252379356
0.927575242052544
0.357343779729965
-0.000305119951156259
1.67614415110019
0.927474644506925
0.357093072122824
-0.000923807288029064
1.67580804716561
0.929144471866397
0.352720051452015
4.65148732915575e-005
1.67814840317239
0.928211460911767
0.354565051534158
0.000168621872045089
1.67665436196099
0.927873218665316
0.3555244895345
-0.000123989769977476
1.67622126159459
0.92869402880774
0.354889271035805
-0.0023730539895894
1.67784037463306
0.928092718739833
0.356151308196364
-0.00114474380880681
1.67690983015921
0.927608122478019
0.357081521202561
-0.00354111631145104
1.67612839501069
0.929484973029571
0.352115563658154
-0.00658425381610896
1.67871227276704
0.931580940224973
0.348781666772792
-0.00509501329601053
1.68231300522573
0.933371477423109
0.342908381770589
-0.000969802723819496
1.68452147685763
0.929803903983783
0.352319108991134
-0.0024141464762453
1.67946903937361
0.930335272759203
0.348969929589547
-9.07360950957726e-005
1.67963659744112
0.92932552826793
0.352478663168601
-0.000259862880868393
1.67851886616739
0.939509264697331
0.329282600308704
-0.0124003907442091
1.69428729253063
0.936015246807516
0.335810329397129
-0.00505837548302854
1.68825325460546
0.934087394226257
0.342284707434557
-0.00111265066191457
1.68600849347406
0.934733736023136
0.340928496979903
-0.0181102561058811
1.68704223255474
0.933691010460453
0.343641650104123
-0.0109559226638966
1.68546173109161
0.930548624748722
0.34992631637368
-0.01837515675136
1.68053223981901
0.931402690218055
0.3496072865692
-0.0182812534111908
1.68244472350117
0.934359239176846
0.340801623737285
-0.0257163258872677
1.68630235912798
0.941724732361174
0.321842834609912
-0.0371074139995218
1.69756725041893
0.93457004166849
0.340819734252244
-0.0181849613154903
1.68661673591698
0.941041016498498
0.323898296668261
-0.0242325340475903
1.6962701084153
0.939724498331842
0.328497479420378
-0.0127837193902231
1.69452799546321
0.916062215576846
0.376407603490457
-0.0565002908576855
1.65848584754992
0.913161407941684
0.377240173414511
-0.0755407485425595
1.65354753145963
0.909646691806586
0.374695395906634
-0.10139557386696
1.64684300235798
0.923142758285907
0.358477315864175
-0.0686277452859244
1.6687797209375
0.925302432014858
0.350659809917612
-0.0901603526660202
1.67271370061248
0.932779173035833
0.332794210923099
-0.0737491296650415
1.68230328097034
0.859383683328248
0.461666348865533
-0.0555018305341213
1.57003991627042
0.868542420469325
0.453815404210039
-0.0226751185561414
1.58487156656416
0.877971668951036
0.441482108133975
-0.00215291569142545
1.59935365381885
0.85341755226631
0.471898278064635
-0.0257566393238962
1.56109676942917
0.867282748151246
0.455512473121208
0.00101271239967628
1.58271217104048
0.850854026987608
0.475463564379011
0.00540546951548997
1.55701831587636
0.927363922606325
0.356761850796234
-0.0383390021890217
1.67624994741899
0.929023561978999
0.349440422493911
-0.053562587191827
1.67807582753229
0.934534885435812
0.331769443340567
-0.0736065936283295
1.68607878049118
0.933164207860091
0.34156841116711
-0.0422173709653659
1.68435224537012
0.93973083171396
0.323748302226136
-0.0554824774403081
1.69441958631458
0.941379769362705
0.321264847303105
-0.0372045456189253
1.69657081624524
0.885642808890471
0.418879496022571
-0.0941598392853731
1.61049697805791
0.898660986978378
0.397737184494747
-0.100746949716292
1.63127619843436
0.909382864884813
0.377173076614577
-0.101664260579584
1.6472182595854
0.896022943738776
0.410862302802791
-0.0596505641189472
1.62753437655217
0.903075009591302
0.397785483918975
-0.0667777154646678
1.63828201460812
0.904418827183962
0.398458720918576
-0.0404412260316619
1.64017989240462
0.888227879613774
0.417891993597401
0.0977243782990857
1.61611725435919
0.874484033691532
0.438956379487573
0.0824315130242119
1.59397632856342
0.864071564210812
0.457450571578601
0.0628074523498547
1.5786398458957
0.882372700997875
0.429721079840619
0.0687118486321987
1.60617370831404
0.874471250014885
0.443286817542908
0.0511044029781296
1.59389202372942
0.8835046976591
0.433586011321558
0.0431936312887024
1.60895481655439
0.887304003062754
0.426291654357071
-0.0359885973684916
1.61368319583521
0.876723183800647
0.441032339522155
-0.0439586785461981
1.59744610340901
0.860085786954495
0.459785340495629
-0.0552545974993689
1.5705593386679
0.884006845631196
0.428777505343596
-0.0608993722966355
1.60874503176231
0.872415687165998
0.442378418375024
-0.0784271011880966
1.59079976386921
0.883889596413056
0.420637539068742
-0.094735782816747
1.60744827108623
0.862549137928759
0.458799136197918
0.062146919899193
1.57590190066546
0.854798872821053
0.47017563033974
0.0350324932906574
1.56348758003762
0.851401474055274
0.475455916651163
0.00597036927550987
1.55823841461864
0.868234431068926
0.453495473867069
0.023675053680459
1.58407272725027
0.867404534338495
0.455549502292454
0.000838573641831405
1.58298543910303
0.879542019422773
0.441469090926558
-0.00172699002707451
1.60286589334707
0.914010897874431
0.372336907827793
0.100370259712803
1.65574450296387
0.914185403563391
0.376068943435183
0.0729376848177576
1.65522783802214
0.916202251568721
0.376837429682115
0.0544398885301207
1.65890879664217
0.924314820355339
0.351418792992422
0.0900856718702948
1.67053320686988
0.922456301955931
0.361416482586798
0.0690246371743918
1.6683994479262
0.933072107400507
0.335645729375923
0.0788862895402275
1.68425647858601
0.912801526514165
0.373035626351374
0.101638522533973
1.6532951274078
0.900939393902458
0.393933296274623
0.100696810249615
1.63472901411016
0.889020164793395
0.416586730912887
0.096275217044581
1.61725998119751
0.902974497492221
0.397278225395877
0.0730641409711194
1.63841032377355
0.894516451660778
0.411739435356938
0.065624751462742
1.62492415306248
0.901363893967474
0.405200467960257
0.04583191048998
1.63633033470995
