0.927365199752871
0.35742558057807
0.00295347815676558
1.67567699041517
0.927811604774632
0.355979026697745
0.00226408126036617
1.67617993842472
0.927879224750201
0.356829719454203
0.00110938119599198
1.67666865361683
0.927759073137865
0.35545551135136
-5.54386422821648e-005
1.67587662403443
0.927655744486718
0.356035064110618
0.00343120284203006
1.67583536777533
0.928122996366518
0.355955950709299
0.00214580539881941
1.6769055851623
0.928102637667905
0.356056562563222
0.00061451976405575
1.67690360438419
0.928109431303851
0.355362231440399
0.0037758888920079
1.67664960111229
0.92851945231566
0.355512424543305
0.0017724703765117
1.6776712605301
0.928753127544478
0.35467941537066
0.00384150561069083
1.67790619425826
0.927386496574198
0.357451109296576
0.00293517118760293
1.67573630768233
0.927167056522783
0.358224983940681
0.00375645123045287
1.67552435982098
0.92676641816328
0.359305571890491
0.0047000305271971
1.67500722483732
0.926148272642321
0.360752988744765
0.00564846029173708
1.6741247958708
0.926704854533115
0.359310136608665
0.00284894710783247
1.67486432985245
0.926253102098619
0.360111185252128
0.00327800565975183
1.67411604483378
0.925651523207447
0.361176455528327
0.00366395198835734
1.67312050512603
0.925983526382847
0.35989033898851
0.00176019177092614
1.67339543392391
0.925430938347498
0.361047639091505
0.00181443631024591
1.67254972031914
0.92541645512939
0.362376908599283
-3.93041442400941e-005
1.67305032896347
0.929498204534079
0.351650066088614
1.83543901427126e-005
1.67852414892452
0.930198022395927
0.351554410663718
0.00236852330354995
1.68012601451976
0.93033976795163
0.351539299931562
0.00601617757668191
1.6804653884131
0.929578068609433
0.352805528739559
0.0100806894629386
1.67918153749684
0.929463468005306
0.353072752846099
0.00158456929730574
1.67897016665425
0.929712027256727
0.352885886748902
0.00406248623119398
1.67948605744725
0.929347187521989
0.353373096786177
0.00729560754170883
1.67882704830164
0.929182127911069
0.354095884784774
0.0029375356057591
1.67869219278815
0.929064884507057
0.354089175363895
0.00528707195772212
1.67842129698509
0.928766044673196
0.354688274174799
0.00379919524293258
1.6779406335925
0.926158644741611
0.360863822546041
0.00567846420259786
1.67419166453466
0.927126570616095
0.357511829781489
0.00599884087195681
1.67516848984381
0.928057503125541
0.35530158334669
0.00540298300127961
1.67651102162734
0.928746028826117
0.354764894575174
0.00378517027997643
1.67792150914834
0.926770046492496
0.358173329418323
0.00736075165465677
1.674595801361
0.928029307772414
0.355354301216502
0.0069751653183284
1.67647556399439
0.929067095358531
0.354057730523201
0.00528470872034808
1.67841493174557
0.927840180527757
0.355706377282344
0.00907401457267661
1.67618392080479
0.929388938191193
0.353378286894931
0.00730586807389099
1.67892729363226
0.929595660781242
0.352862061752299
0.0100701018710679
1.67924438812318
0.931351167417432
0.34861407102435
0.0226149403621229
1.68200526943597
0.930735242947936
0.35022939839624
0.0169289545938865
1.68103801191636
0.930135118181311
0.351777136830107
0.0129994207703642
1.68014076854838
0.929579371593846
0.352723531865697
0.00995480450660295
1.67915413653037
0.933548792704907
0.343977047672014
0.0158080675542655
1.68533537875869
0.932166324580439
0.347203568962273
0.011622570269233
1.68320499651912
0.931048026635847
0.349929950201113
0.00903892038020002
1.68155244460474
0.934297561837311
0.342017219253546
0.00814949230096069
1.68629550684653
0.932486646487862
0.346361567598773
0.00609942302877526
1.68359723048361
0.933454812659684
0.342743999943316
0.000890851218111855
1.68454391047968
0.912773117109031
0.385646036940855
0.0238103183149933
1.6532954056649
0.915889538611855
0.379669110496614
0.0277397923404532
1.65815008228256
0.919131466284255
0.373292540997022
0.0293519681660344
1.66313599677523
0.922142513508886
0.367267718961395
0.0289298674985211
1.66773826503516
0.912624547970644
0.385734590842488
0.0323995330515072
1.65325581226424
0.916863657883336
0.377484749263966
0.035252299708561
1.6597777374406
0.920863207154965
0.369654519559045
0.0352916388188913
1.66593262720069
0.913515750467592
0.383231947103477
0.0427368669804857
1.6547003212007
0.918948648773102
0.372631775629245
0.0434311590795904
1.66300163839987
0.916014353545876
0.376738113107314
0.0541436504964216
1.65842117192689
0.927929784473319
0.353797090132468
0.0433628109586571
1.67664989354052
0.929889685675186
0.350469970806902
0.0353005128265799
1.67965496489007
0.930841041418575
0.349028302528093
0.028383084776111
1.68111789042908
0.931238033451259
0.348928669155468
0.0227410994784724
1.68185465436569
0.93164262844146
0.345345468655494
0.0461990042835075
1.68234705577157
0.933029584186976
0.343488272481114
0.0362689609994127
1.68450241030662
0.93346251326658
0.343256429378573
0.028026383797642
1.68515210539614
0.936016090063535
0.334304558829503
0.0470056668021882
1.68872333438157
0.9364736004398
0.33511179200983
0.0354425618204096
1.68958367281266
0.941140084470019
0.321289904240952
0.0442907618871918
1.69622445853859
0.922127707693005
0.367265012880444
0.0289934842741728
1.66770646177496
0.925583374489688
0.360411635529318
0.0293058413789231
1.67312446577892
0.928779052763436
0.353903908181359
0.0269759456794337
1.6780552129805
0.931277191765593
0.348779490572973
0.0226000857508188
1.68189119838277
0.923397249759489
0.364636623024268
0.0337474818783685
1.669800064302
0.927474859374162
0.356309187628149
0.0325279783532608
1.67608638169169
0.930916852064041
0.34906525349839
0.0283357968853541
1.68130879002473
0.925293533041007
0.360268236831775
0.0386607922884583
1.67273044474838
0.929930292134248
0.350476475477831
0.0352639146625163
1.67975048444445
0.927966663500211
0.353770550421794
0.0433588914404161
1.67672811015484
0.900737736675858
0.405205473156763
0.0458063130182436
1.63489652706084
0.906164789273867
0.39719137855412
0.0361202909574815
1.64338582345364
0.910008715446026
0.390824974058679
0.0291290905184581
1.64925522772301
0.912762367495979
0.38563426489379
0.0237629361582073
1.65326234884928
0.905925610630789
0.395602655589578
0.0512315880364986
1.64286888256749
0.909780106848324
0.39031166082501
0.040367082537691
1.64893670735051
0.912639039237873
0.385721275627648
0.032422176111938
1.6532818920017
0.91111933016734
0.385874766585103
0.0538939430249099
1.65084436599673
0.913493279844784
0.383277605234952
0.042762783556839
1.65466869638149
0.916047273864702
0.376714465109214
0.0541207721433
1.65849053296802
0.92515398000897
0.361171271666302
0.0150381314873792
1.67205961415436
0.926445282014893
0.358577898538495
0.0181002309507861
1.67414360717444
0.928431740671617
0.35489400809659
0.0208746481193827
1.67746021842875
0.931279360860955
0.348639429172074
0.0225657218765631
1.68184503216099
0.924629182376989
0.362186654293227
0.018582977836048
1.67129692778541
0.926178733315398
0.359283513295355
0.0228413453505544
1.67389624311641
0.928778172709287
0.353937731971406
0.0269823299591852
1.67806666597458
0.923713308921493
0.364159012349845
0.0231431134816344
1.67002440547985
0.925575224621821
0.360407919870976
0.0292861584435439
1.67310230614737
0.922146210572253
0.367301409985767
0.0290225319729063
1.66776553793437
0.919637810312944
0.372514869699981
0.0131975941759468
1.66362403120663
0.921475659190004
0.36876806745272
0.0152199460139466
1.66644419910358
0.923404443166344
0.364816767672608
0.0157907865512294
1.66939862130098
0.925168277936602
0.36119162877784
0.0149994094062671
1.6721009960608
0.919801655427535
0.371910475982261
0.0176628073034273
1.66384336488692
0.922269062200499
0.366931348131946
0.0190456981226632
1.66764597837987
0.924599455748484
0.362191778214493
0.0185998030693655
1.67123034301573
0.920543214500228
0.370439122403884
0.0230446683716633
1.66510607845869
0.923688046228299
0.364143425171083
0.0231921048978709
1.66995965523778
0.922158655730239
0.36732341566194
0.029000694727152
1.66780188686385
0.91949445030034
0.37429758169581
-0.00344475966443896
1.66392836453342
0.91953374695809
0.37426648393489
-0.00101231367315142
1.66400421602678
0.91990133849593
0.373467451420426
0.0010377610655418
1.66453942645871
0.920448203681023
0.372041744930008
0.00245448064006641
1.66524212479314
0.91820973759565
0.376348836745664
-0.00232776714829529
1.66176351784904
0.918617700338342
0.375792570641255
0.000749710182515207
1.66248513528853
0.919369526802821
0.374483961826279
0.00308901931320423
1.66371250043748
0.916726030296242
0.378733189416757
-3.42634771682425e-005
1.65928376421954
0.917711785968103
0.377034201849638
0.00364586987357271
1.66088725436007
0.9152037976443
0.381337536642481
0.00400472554879116
1.65682921204399
0.923202305189987
0.366528221774498
0.0059679949467815
1.66949395226043
0.924295794477033
0.36456672802984
0.00646222802894025
1.67128245575148
0.925329028654984
0.362576180112396
0.00631014662648156
1.67291991465531
0.926176143476863
0.36080551096494
0.00562082222576762
1.67420900227656
0.923457070533296
0.366092694932412
0.00854251423193799
1.66993266845766
0.924826964552436
0.36301989980492
0.0085360013777376
1.67193114510312
0.925983916286663
0.360267092296094
0.00774617659607541
1.67356398018889
0.924046820585225
0.363952676025038
0.0116014317021522
1.67050123139008
0.925717503710833
0.360200979058316
0.0107854382495636
1.67294276283158
0.925172438743604
0.361215346495011
0.01502516063398
1.67212182685625
0.91518932706212
0.381355129144769
0.00402504161592636
1.65680252592511
0.917732220285363
0.37702264871225
0.00361616812428807
1.66093016684653
0.919368919358548
0.374490090803513
0.00308499782722591
1.66371331407769
0.920439522915611
0.372044451017342
0.00247482223978087
1.66522295659286
0.91629160645166
0.379177975800138
0.00835231280386305
1.65849381326523
0.918519892605611
0.375466547983964
0.00634157572038329
1.66214424421397
0.919971558471757
0.373332886724201
0.00490000515879184
1.66465802378805
0.917868529394033
0.376062152601113
0.0114450246212686
1.66091747703063
0.919597432274821
0.373383706874112
0.0083656076674453
1.66382790253066
0.919657306862124
0.37251692930832
0.0131520272959802
1.66367002626791
0.926138239475881
0.360876110320137
0.00563224220888801
1.67414712056942
0.92678766760221
0.358146157785559
0.00738745865604216
1.67462708818943
0.9278473062217
0.355705783600031
0.00909247160715471
1.67620078509186
0.929586496940147
0.352865396897923
0.0100345124120255
1.67922387505353
0.925994204045305
0.360240464136714
0.00775529689221501
1.67357775732591
0.926880840617628
0.357701251358556
0.0102288171100421
1.67470377265656
0.928457382155024
0.354613289382828
0.0127590564703465
1.67726433519478
0.925736595941446
0.360245064890304
0.010743156041372
1.67300433251483
0.926912917035913
0.357518538306308
0.0145311359530107
1.674771504055
0.92513560481426
0.361144117317602
0.0150706528115653
1.6720078591893
0.925147154072917
0.36117177543039
0.0150720019260452
1.67204460243488
0.926945218442293
0.357508797774347
0.0145611508964056
1.67484459544198
0.928479609051281
0.354590540763682
0.0127640473682925
1.67730817145294
0.929556291214519
0.352806426988702
0.00998795247616624
1.67913008013926
0.9264383904229
0.358587965205666
0.0180745946386279
1.67413153379696
0.928560208157559
0.354614422046132
0.0162527454750646
1.67756015465143
0.930144559553109
0.351763953601146
0.0129789407909981
1.68015856277814
0.928438044472721
0.354892128178529
0.020855533726046
1.67747253545911
0.93074653244088
0.350252799393877
0.0169542900605286
1.68107270905711
0.931297563745437
0.348595640912166
0.0226033650980042
1.68187297840237
0.927384960328714
0.35742251162961
0.00297949342532815
1.67572226638777
0.927467754346588
0.35719989504318
0.00210212505853461
1.67582927982247
0.927485907803367
0.357134618811176
0.00188602405417308
1.67584638014937
0.927537892416027
0.357316507930471
0.00228919776922292
1.67603952905307
0.927795400275542
0.35598406944503
0.00224815618675208
1.67614373470798
0.927591091734061
0.356455664501108
0.00168074376682394
1.67584303215956
0.927360830258104
0.356948008304208
0.00163808165351705
1.6754911158195
0.927873616583911
0.356845826012386
0.00112603563090088
1.67666157643036
0.927484339242659
0.35771142440761
0.000958849120976173
1.67607919165672
0.927703749299402
0.355464906247931
-0.000125466880742273
1.67575023872891
0.926171931913924
0.360838222656691
0.00567450621186387
1.67421338433
0.92678845204759
0.359332026305886
0.00469135703088863
1.67506892605793
0.927169939925036
0.358249223957999
0.00375031161135356
1.67553979286803
0.927392751836644
0.357424016636648
0.00293623602083885
1.67574089460666
0.927119624488521
0.357503709354228
0.0059817646170359
1.67514897797364
0.927501965384972
0.35651307855468
0.00455469765378277
1.67565991643665
0.927678552019736
0.356016400665671
0.00342713036828736
1.67588183820098
0.928056543688238
0.355306832515469
0.00541028909248598
1.67651095574988
0.928131102202336
0.355352492881582
0.00378174248817279
1.67669726553793
0.928760103387178
0.354766827598322
0.00378602838945098
1.67795499822413
0.927452433692851
0.358226296790681
-0.000136917223813602
1.67621854920357
0.927605542410605
0.356439732996489
0.000919444833322658
1.67587335184912
0.92763993469885
0.357345709041784
0.00166759375316325
1.67630036409628
0.927435282514434
0.356977934738648
0.0022801072999343
1.67566807099562
0.927249049182711
0.357229891585978
0.000932161073876764
1.67533901113627
0.927416535549088
0.357823114604945
0.00161864771869463
1.67595902252493
0.927506496861652
0.357151590361437
0.00189330129791517
1.67590131324544
0.927166223806516
0.358345297076757
0.00191354160471109
1.67557275178146
0.927486152019978
0.35721278238178
0.0021141067286232
1.67587763846116
0.927403191424579
0.357438618277496
0.002962813659474
1.67577113390247
0.915910969829644
0.376805618733868
0.0540813604965028
1.65820491670948
0.920845201679711
0.367532120183186
0.0520943292445441
1.6658387492135
0.924852311905445
0.35974374192186
0.0481510967922628
1.67193505247895
0.927971709303821
0.353705897837196
0.0433816126655027
1.67672872651186
0.919836162398973
0.367586536515879
0.0640656971544454
1.66425248062528
0.925065905459304
0.357792703769857
0.0589292197561215
1.67231134438721
0.929071474511613
0.350267135074347
0.0520971148193508
1.67843233689905
0.925471995376069
0.353598870005459
0.0724718386667367
1.672609046388
0.930642715253247
0.344027384121465
0.0632590326840565
1.68051889673315
0.932855765198871
0.335715840663025
0.0780711009223344
1.68383916065388
0.927500948647615
0.357552723234393
-0.00107535350936489
1.67604028670214
0.927374280429521
0.357967861511525
-0.000413108299278222
1.67591032662155
0.927393828322808
0.357580900612956
-8.34342918976678e-005
1.67581143746347
0.927460482464946
0.357013852261822
0.000137754688112211
1.67575480227902
0.927325516228889
0.357930673365403
-0.000705454260208241
1.67578698341343
0.927346462901679
0.357143335138064
-0.000361389170361545
1.67553395388868
0.927423088055132
0.356918995259572
-0.000186665145473817
1.67563321208725
0.927199039708727
0.357439729633554
-0.000300042648480444
1.67530006884878
0.927303959831446
0.357787176408275
5.08825671357452e-005
1.67569265834332
0.927114435933274
0.358156638764891
-0.000249318323468694
1.67540389375739
0.927518890863107
0.357533763151827
-0.00114387398895968
1.67607544538
0.927557796375671
0.356406538530138
-0.000385171347272736
1.67574297952542
0.927567663020595
0.357072226463389
-2.11316602829308e-007
1.67602920367334
0.927533652705562
0.357194986140968
-0.000352176427013514
1.67601755999169
0.927499948060066
0.35812991995231
-0.000402238300805237
1.67626638652751
0.927493775472333
0.357027502242282
-0.00038398490331674
1.67582873862554
0.9275638839576
0.357056654126255
-0.000104140497501049
1.6760067390241
0.927479474271797
0.35783106860143
2.70692086039744e-005
1.67610886788829
0.92748191242826
0.357261953135561
-0.000303082970310138
1.67589200710093
0.927440343002448
0.357025132125505
0.000174335403840042
1.67571093102289
0.927488963199405
0.357579763750288
-0.00100590130776321
1.67602259325755
0.92717939288918
0.358155781184449
-0.00114381229286584
1.67552912676147
0.926787185583603
0.358302041223867
-0.000870615178347662
1.67466703313702
0.926375430896567
0.360281586346247
-3.39216812527543e-005
1.67448351280802
0.927521452803185
0.357139316512997
-0.0014861924539897
1.67593091514384
0.927051509249723
0.358561901418523
-0.00179153191766416
1.67538551014569
0.926453655485914
0.359016178747843
-0.00144699827924249
1.6741594122441
0.927629349974838
0.356511706382545
-0.00226526082754736
1.67594503299673
0.926905954593566
0.358956979048284
-0.00276334977821345
1.67519646365756
0.927694764947863
0.355668152655834
-0.00336060660330028
1.67577832085237
0.927698613393116
0.355782537139085
-0.00344362393681021
1.67583106009654
0.928079015415896
0.355814574449258
-0.00179059438966607
1.67674959764507
0.928059478544463
0.356588163497564
-0.000665553594944436
1.67699892270436
0.927853251799806
0.355184877610362
-1.07307689731992e-005
1.67600511398264
0.927568099320358
0.356443339228152
-0.00226895545103072
1.67577378070336
0.927831202782962
0.356025445882356
-0.00125568407364109
1.67624353539384
0.927816900625874
0.35694407014831
-0.000438371829553073
1.67656344828787
0.927518570619415
0.357109283392097
-0.00150320748398859
1.67591084311892
0.927695319042919
0.356160354063789
-0.000850243026593313
1.67597473228785
0.927518547754195
0.357709724617826
-0.000992377227802025
1.67614175056839
0.925616126116712
0.361786404352769
-0.00674127798420562
1.67328989263383
0.926600293835335
0.359190210411273
-0.00600866652417279
1.67457687654859
0.927265272396574
0.357142381655211
-0.00472946454963698
1.6753376737802
0.92765272175207
0.355686189128078
-0.00329006110729215
1.67568566531065
0.925752989206005
0.361083412913922
-0.00343770179034625
1.6733215880505
0.92641958540639
0.359915523801682
-0.00322987119628522
1.67442991002132
0.926921426739042
0.358954817071573
-0.00279423072758992
1.67523234877905
0.925991647996127
0.359769395694443
-0.00139929794485311
1.67336664811969
0.926493362457471
0.359013792929524
-0.00141225826926772
1.67425197637897
0.926327698909017
0.360288002357707
-0.000116448703881453
1.67437269736894
0.927682228276304
0.35592093566378
-0.00341789972587783
1.67584702170304
0.928103733463021
0.355300177429735
-0.00435190880783244
1.6766130040011
0.928715523158526
0.354328845026453
-0.00540816548323794
1.67768033483102
0.929721378425708
0.3526661117529
-0.00664908890754812
1.67942175108628
0.928356053500374
0.355191910085246
-0.00308512635232065
1.67716603104687
0.928966633574713
0.354328297959429
-0.00343353753817338
1.67827422979919
0.929856444031413
0.352664797264706
-0.00364299896678893
1.67974962960232
0.928924765062777
0.354615740877743
-0.00183075264670899
1.67828091388959
0.929603019045562
0.352768407217406
-0.00142533465942311
1.67918363222324
0.929116173432135
0.352519023975643
0.000164907052791465
1.67796757579161
0.929704294610262
0.352645364724363
-0.0066289687618451
1.67937207504449
0.930223882758492
0.351591975944902
-0.00915022307346687
1.68021933578338
0.930696769077312
0.350714385792979
-0.0130705657898374
1.68105460216474
0.930812494008682
0.350098821740696
-0.0186941950506267
1.68118465878315
0.930806167416247
0.350505385198022
-0.00611741429471469
1.68118847207218
0.931758620298257
0.34829513805367
-0.00906975555251458
1.68262767191011
0.932791195367783
0.345684569582722
-0.0136637899309358
1.68415273277437
0.932134144134267
0.34710334902647
-0.00451610932890938
1.68302561339683
0.933860345076455
0.34288206509886
-0.00763596215495149
1.68556171923424
0.93357482114994
0.342867119228729
-0.000652126878700029
1.68491157532513
0.922284012030055
0.368305602357317
-0.0053555867566454
1.66804752230237
0.921405487496412
0.370350322718957
-0.00530837033408732
1.66681089846359
0.92045756670247
0.372409816733614
-0.00474786639346321
1.6654203442446
0.919511528405693
0.374302093457753
-0.00345980949054117
1.66397041633336
0.921624413287365
0.369956266245597
-0.0072246986384408
1.66717409033817
0.920423435709053
0.372222291415307
-0.00697838402704677
1.66527550546509
0.919108623105275
0.374589174348789
-0.00588990056178037
1.66315764822475
0.92063165848375
0.371318534126507
-0.00963419443313548
1.66541981730531
0.918916234539244
0.374390533291189
-0.00902565017799277
1.66265318017207
0.919087482285301
0.373603375710246
-0.0128422059705615
1.66277454211911
0.923980218905042
0.365366827018114
6.38797093300815e-006
1.67085784145581
0.92356224730812
0.364994799157667
-0.00166835099568195
1.66971796747512
0.923046646039172
0.366130901342035
-0.00338717735657494
1.66895992994297
0.922297421813077
0.368333462911016
-0.00531118478544106
1.66808840391151
0.92426174657376
0.363478428586359
-0.0021988822270358
1.67075954060149
0.923871622309857
0.364680183961725
-0.00411486036488226
1.6703220406398
0.923349986024093
0.366443624741122
-0.00654886711407558
1.66980972740349
0.924728925009908
0.363151885196767
-0.00449049841696555
1.67173139485889
0.924506866621064
0.36416727601092
-0.00707502424409553
1.67162319031734
0.925587846352881
0.361803871830663
-0.00680580503348658
1.67322684234786
0.92770094341774
0.35587758036711
-0.00334216874039578
1.67587334657228
0.927327258040753
0.357185019904367
-0.00469011591244986
1.6755021488911
0.926597257163575
0.359124685879885
-0.00599107843303098
1.67454284787833
0.925610525887045
0.361877894393551
-0.00676701935675822
1.67331709637708
0.928073067341486
0.355319122816056
-0.00439312232623035
1.67655080167802
0.927646218585874
0.356147259032509
-0.00618200199004711
1.67587333992739
0.926749068020168
0.358152737511107
-0.00806449692384116
1.67453910013431
0.928704829568938
0.354353882588982
-0.00538304066805271
1.67766910034234
0.928213408018583
0.355141958578382
-0.00820984066057234
1.67684379203527
0.929747370539143
0.352670639688011
-0.00664487432233443
1.67948658852991
0.925566220459031
0.361920893174854
-0.00676433744347842
1.67322819828583
0.926249472067831
0.359172839433779
-0.00983686884823953
1.67378209831723
0.927670397574009
0.356154001447908
-0.0139061474423503
1.67601766050305
0.930743303137205
0.350372173181843
-0.0187180050634728
1.68112852025899
0.926694909814326
0.358175224037553
-0.00804384580514259
1.67442232340771
0.928093258756008
0.355342166925512
-0.01072706505076
1.67666092918379
0.930592240310273
0.350634582763968
-0.0130735257336952
1.68077905112059
0.928201194091075
0.355118003116382
-0.00821001227976953
1.67680501028914
0.930211469596222
0.351550518461437
-0.00911196098160067
1.68017579734873
0.929726088669695
0.352664289131839
-0.00660158021611036
1.67943260989861
0.923533852991779
0.364423892502742
-0.0178914395732216
1.66959832525138
0.923918598492658
0.36368838154461
-0.0229962162900088
1.67031654053995
0.924804618341294
0.361967528074135
-0.0298153492870712
1.67191664485295
0.926597514586869
0.357486314871164
-0.0388551673105685
1.67471171674574
0.925648378840827
0.360183122029514
-0.0199687160648637
1.67293035015692
0.926904439408058
0.357889052181055
-0.0250682552331395
1.67512414888177
0.929069878540049
0.352803852883407
-0.0311156470703414
1.678440498938
0.928180196836999
0.355377621555123
-0.0204497622244358
1.67704563040391
0.930316741971604
0.350636959180663
-0.0241866704667058
1.68034686458598
0.930757748783703
0.350231791636188
-0.0186388481936981
1.68110444636481
0.922302881139977
0.368321268568617
-0.00530214003513267
1.66809494242712
0.922267120441079
0.368522000080425
-0.00840072739229604
1.66811357293598
0.922535757361601
0.366927627567941
-0.0125353416353502
1.66814869578331
0.923505548472874
0.364440935343911
-0.0178345579301052
1.66953158145389
0.923329992596312
0.366452263127803
-0.00654823346014136
1.66976690876466
0.92377042653913
0.365156152584964
-0.00944636812697118
1.67030258106555
0.924688939899824
0.362253924435932
-0.0129180437794988
1.67136143918622
0.924484619210884
0.3641336264316
-0.00705086846009733
1.67155697354288
0.925286497459791
0.361643994424874
-0.00932327878617576
1.67247785979193
0.925582311545542
0.361793972078466
-0.00678438936699345
1.67321091426928
0.916542232273988
0.378376865532258
-0.0294613197006662
1.65919227805652
0.91356600033154
0.383832256345191
-0.03317135783965
1.65466820909792
0.909545676067335
0.391006356799381
-0.0368479592029028
1.6485497958993
0.903918624718488
0.400616249101533
-0.0402545413011757
1.63989350648192
0.915950171365476
0.379165178326297
-0.0364643286630039
1.65839006487759
0.912394155101543
0.385390646642048
-0.0418871644218825
1.65296491085951
0.907297715468541
0.393845925856785
-0.0478114577945478
1.64507138417907
0.915687569447566
0.378682174215087
-0.0455100306559219
1.65798456303114
0.911386418735392
0.38552369061127
-0.0535008945876174
1.65129842123685
0.915932552798157
0.376532998673964
-0.0567681932530725
1.65831396522598
0.926664488738735
0.357609596992131
-0.0388030304852878
1.67490767992531
0.922671541889255
0.365649397787201
-0.0379882458540644
1.66867447933197
0.919212395531199
0.373035239669133
-0.0346091908819479
1.66340072882981
0.916527627904212
0.378309897886127
-0.0294844372860947
1.65914168234115
0.92422358114872
0.361940260604088
-0.0448651385749866
1.67113774389208
0.919658542888266
0.371288956599099
-0.0421064592065157
1.66406357994937
0.915953388539706
0.379191648748026
-0.0364286976308448
1.65840541843958
0.920761804368967
0.368158562552938
-0.0510300140739591
1.66582861113045
0.915703241751015
0.378639487804197
-0.0455354904517468
1.65800320022075
0.915881815793941
0.376663461593277
-0.056756530868976
1.65824424607193
0.91906950800962
0.373605278925902
-0.0128578057095787
1.66273230809389
0.917223318767415
0.377206035959359
-0.0132038077400148
1.65991027518146
0.914902760668654
0.381679783617116
-0.012624061259724
1.65635647413702
0.912128638049491
0.387093975885823
-0.0105375076747491
1.65216151818405
0.918254404793038
0.374997938400679
-0.0167945485603925
1.66147249185914
0.915795461670076
0.37985056075333
-0.0175955378827775
1.65775621713634
0.912565404744694
0.386124834870548
-0.0172577623662327
1.65287161658261
0.917383236742829
0.376696929262439
-0.0220879206546994
1.66024953773423
0.91404990010677
0.383239887567241
-0.0237959464208939
1.65525228424643
0.916517141768276
0.37847059529989
-0.0294476389995571
1.65916890271318
0.922304578381441
0.368307251656308
-0.0053237615470791
1.66809523509831
0.921621466188152
0.369949968868329
-0.00725686100475488
1.6671652941978
0.920621018922974
0.371335484664748
-0.00964316335625572
1.66540172309914
0.919105829211835
0.373599346391233
-0.0128299728938426
1.66281406282969
0.922272284545989
0.368518340706216
-0.00838088472058293
1.6681230994811
0.921490453491996
0.369309212801796
-0.011267776344032
1.66663791118962
0.920346092522419
0.370911300609514
-0.0154068638308315
1.664668510051
0.922539479616427
0.36693871167563
-0.0124947924850044
1.66816208604917
0.921868934639226
0.367787425956154
-0.0171411923945602
1.66701108257819
0.92353236402672
0.36446474626614
-0.0179076718938592
1.66960429525478
0.919491307210685
0.374297884034183
-0.00346296754970278
1.66392001661842
0.918219285491643
0.376368612427804
-0.00229069011245274
1.66179413555809
0.916728608729131
0.378738299658411
-3.40828934119103e-005
1.65929211870606
0.915172939981786
0.381328518562162
0.00397966866755511
1.6567531336623
0.918002581542802
0.376456370597201
-0.00486151585451873
1.6613339107092
0.916067862190924
0.379771537857478
-0.00317859410294703
1.65818605759278
0.913757027058472
0.384000003738986
0.000464086039197768
1.6545737253702
0.91574646342816
0.380244551567424
-0.00702536688541399
1.65765751153455
0.912657653447583
0.386075339205322
-0.00439830134947336
1.65290876140004
0.912130619977867
0.387039894146052
-0.0105303717738247
1.65214484777801
0.923534419590086
0.364426381891793
-0.0179177961749771
1.6695963305771
0.921881739537331
0.367802848976034
-0.017141826719449
1.66704600624472
0.920336877279791
0.370896001521002
-0.0154163428972847
1.66464312171424
0.919074832772204
0.373633443639103
-0.0128300541297239
1.66275195093029
0.922105187898788
0.367220343276196
-0.0214645663241796
1.66743316600339
0.920031318075281
0.371476901055581
-0.0197053034270392
1.66424616394807
0.918276240626232
0.374974191578847
-0.016800184462694
1.66151604641823
0.919888355256471
0.371665807502137
-0.0254140766776036
1.66413825629641
0.9173770896311
0.376698494665243
-0.0220996320666992
1.66023475124092
0.916509707846236
0.378465324051205
-0.0294772870189109
1.65915190843972
0.91952054623758
0.374334383839883
-0.00345299837025292
1.66400443738961
0.920450620740651
0.37238602514726
-0.00474372226297982
1.66539447273944
0.921407831660627
0.370340391327881
-0.00532719774278932
1.66681238932825
0.922292447829833
0.368343805019596
-0.00534369986069178
1.66808273030623
0.920938921360527
0.370765433944489
-0.00199926153300387
1.66587544136842
0.921505477473994
0.369436933286906
-0.0026316134184175
1.66666818777807
0.922100522068292
0.368075671874787
-0.00285367812130274
1.66751693809595
0.921653633808267
0.368829114639859
-0.000967999678192537
1.66677108712647
0.922023386187258
0.368143734941075
-0.00110236906755461
1.66736446682572
0.921887756878227
0.369575419400326
8.57841854701172e-006
1.66763377033921
0.912123827936368
0.387098394936752
-0.0104775451187452
1.65215185593597
0.909345819517929
0.392377289960021
-0.0115441601722388
1.64799427161415
0.905659272545491
0.399142838517178
-0.0123369728630017
1.64244723753244
0.900641111110786
0.407921076531827
-0.012745579855182
1.63483391731155
0.909588250699895
0.391893427940915
-0.0166892501502836
1.64842755392884
0.905824496216242
0.398816352579926
-0.0190936354564162
1.64279434059605
0.900680181895698
0.407683976148052
-0.0218148119285111
1.63497418566965
0.906718690154617
0.396908259593677
-0.0260647039358655
1.64419354178255
0.901720666021319
0.405188316666049
-0.0312636829618824
1.63652425763008
0.903956784993873
0.400577481709892
-0.0402429384357829
1.63996269488305
0.919496688222471
0.374287165729911
-0.00347437970145543
1.66392944539693
0.918007573003603
0.37645032405275
-0.00486461740785661
1.66134332793815
0.915727354780728
0.380260242173197
-0.00701697073200466
1.65761984365552
0.912160100257658
0.387028651994366
-0.0105456570911066
1.65220840772006
0.919133139775098
0.37457464391758
-0.00587736819004355
1.66320905983612
0.917435265012084
0.377081765461062
-0.00845885601627667
1.66029348228865
0.91489715517205
0.381689332991324
-0.0126082109349373
1.65634765496268
0.918938172205468
0.374406872185344
-0.00903025351271615
1.6627106144159
0.917200929759664
0.377189978074161
-0.0132296560827463
1.65985182572896
0.919080349877477
0.373608261987644
-0.0128635674859394
1.66276122316102
0.915161342113887
0.381305698354065
0.00397634221960482
1.65671704506963
0.913147385147114
0.385121864100157
0.00481510878821098
1.65364684555565
0.910439846678079
0.39032894662196
0.00586989021899235
1.64959076876477
0.906751513216081
0.397370601208561
0.00725396504453534
1.64412434877801
0.913774237288445
0.383996685764902
0.000480690289297891
1.65461310357371
0.911313956846608
0.388640496152291
0.000140161943855279
1.65087526623431
0.907995252677103
0.395036990318706
-0.000477817693273293
1.64594703116515
0.912648343197194
0.386079422717612
-0.00439563574556733
1.65288981708284
0.909900369910633
0.391365463074213
-0.00642767014040375
1.64879142880784
0.912094839828827
0.387030050555899
-0.0105465208562125
1.65205943126959
0.878564258521965
0.441488491880769
-0.00181102709285561
1.60061537372768
0.884510598886283
0.433227571842528
0.00573675173176823
1.60994814414952
0.889764046519056
0.425140510718034
0.0109759891701862
1.61798208839356
0.894343492549629
0.418078073499973
0.0145087643769943
1.62512392526564
0.877941805334032
0.441905766769619
0.0135482507883399
1.59953093969135
0.884856688664026
0.432351667934259
0.018579460329076
1.61047875066894
0.890681309054991
0.423364839197001
0.021559017315869
1.61941707062202
0.879384745251545
0.439141467543299
0.0288086268342171
1.60175960395504
0.886737734033826
0.428814551909753
0.0309101834211652
1.61335934343682
0.882750319735696
0.433279068602637
0.0429070226875166
1.60702315897802
0.900722636619678
0.407978929008989
-0.0126909783074076
1.63503826405868
0.897875267742343
0.412872904188036
-0.00548674199096689
1.63067481396061
0.895616176888783
0.416464665599345
0.00365082877290809
1.62716599591435
0.894375476286969
0.418053700035775
0.0145295440473653
1.6251822596947
0.895226966134347
0.416812235803076
-0.0112366219875979
1.62649812636079
0.891968160439387
0.421962246299094
-0.00131395915697456
1.62141692779705
0.889773871608121
0.42513281770542
0.0109749542589569
1.61800009396026
0.888056354261516
0.427848830528913
-0.00797887983657059
1.61537740061704
0.884514037935533
0.433226121764944
0.00572183134679418
1.60995313896217
0.87855576451737
0.441656387904584
-0.00187184420105747
1.60068041338922
0.916518050425655
0.378416930562758
-0.0294412692427003
1.65915058255559
0.91406253936961
0.383263705979239
-0.023830675135513
1.65529140259195
0.912571349644658
0.386114961619087
-0.0172524128641579
1.65288282233628
0.912099733849396
0.387135691721814
-0.0104897471581241
1.65210988144883
0.913573294497104
0.383869271314073
-0.0331249295207303
1.65469859040863
0.910877054460036
0.389356309700163
-0.0253345722082388
1.65051852042496
0.909590872544035
0.391876497083202
-0.016656766578069
1.64842751893724
0.90951959969103
0.391049437346461
-0.0368489756013855
1.64850476822492
0.906728060220875
0.396904401471643
-0.0260862521384109
1.64421317197117
0.9039218217193
0.40060522028697
-0.0402472072320961
1.63989385601349
0.906720128113453
0.397292450944532
0.00720877841382593
1.64401351710454
0.903557191708509
0.40305695911416
0.008958226680931
1.63929651786351
0.899554913439576
0.409884041763951
0.0112799486648312
1.63320714215028
0.89437260179097
0.418038815860943
0.0145230174028167
1.62516803372193
0.904396899792195
0.401636069878392
0.00224949704642262
1.64055855209054
0.900568457582222
0.4082874295431
0.00283964838366334
1.63473867782681
0.895615497219697
0.416440198267144
0.00365989900213843
1.62715254890921
0.902268299416357
0.405347716814496
-0.00437319148760543
1.63732329260858
0.897851354024103
0.412838779080803
-0.00547754599633821
1.63060483570472
0.900688935087038
0.407951797690954
-0.0126698430073852
1.63494712048456
0.930716593570531
0.350186933996155
-0.0185676926161548
1.68098544475828
0.930330718361519
0.350669763281125
-0.0242015698553079
1.68039000692355
0.929113105177858
0.352775924478171
-0.0311563156016548
1.67853045121299
0.926572936088015
0.357499338437742
-0.0388230221057985
1.67465736711196
0.932965500851547
0.344755259066113
-0.023221853367822
1.68440862800134
0.932513326947166
0.345211592871922
-0.0315465216839303
1.68375457780431
0.930781758452181
0.347822959679583
-0.04196879319385
1.6810458410797
0.936397002623489
0.335931291378109
-0.0293506574257843
1.68947215723507
0.935946215831772
0.33541309695858
-0.0417645749514466
1.6886919454585
0.941680531891961
0.321087518594323
-0.0370896709457421
1.69716936247093
0.925633223449173
0.361908537020881
-0.00669137077667645
1.67337560597343
0.925281248496925
0.361623686789233
-0.00940145337105912
1.67245925030429
0.924687862297244
0.362271385033495
-0.0129185671928537
1.67136781082686
0.923547535669883
0.364404603790687
-0.0178544251981526
1.66961854993372
0.926241261671509
0.359151459035436
-0.00989592637419652
1.67375533173303
0.926068148891898
0.359280017945448
-0.0139062156210978
1.67345338813853
0.925664092615893
0.360183955589176
-0.0199212343023827
1.67296654119935
0.927649081266514
0.356166462827591
-0.0138752923728082
1.67597262814436
0.928181450116525
0.355383529278288
-0.020382299138268
1.67704716628144
0.930810000705196
0.350360251003624
-0.0187747950471945
1.68128307016585
0.915863041613472
0.376908419460919
-0.0566074538862441
1.65828319685886
0.920694359851593
0.36546397552153
-0.0657856962549522
1.66553059150777
0.926825124260573
0.351011030740193
-0.0716940421600834
1.67473724269358
0.934392955053498
0.331624727540172
-0.0748673185499866
1.68579030865802
0.920694077467714
0.36815934685189
-0.0509194411795501
1.66566247515192
0.925185322289037
0.357843799605829
-0.0565842856119101
1.67246813674626
0.930552589477199
0.345341579524497
-0.0593683553823057
1.68051348131797
0.924164528844515
0.361949511106355
-0.0448272045894271
1.67099523089894
0.928128400220976
0.352889355483375
-0.0478768127459639
1.67699758435145
0.926574494474585
0.357659213169577
-0.0387540533764288
1.67470754126073
0.923551202242744
0.364419207955928
-0.0178934169659267
1.66963340367083
0.922085535576281
0.367174114214603
-0.0214893068580248
1.66737110527184
0.919881177601693
0.371625410111042
-0.0254197434177304
1.66410807174194
0.916477545719093
0.378409014309849
-0.0294977248823855
1.65905956929206
0.923921074031969
0.363700612251198
-0.0230210309556919
1.67032818619977
0.922156519152199
0.367352356719777
-0.0283406466273875
1.66778840634008
0.919219652700065
0.373012594946748
-0.0345841258078458
1.66340726587497
0.924791560754079
0.361979127668837
-0.0298545073787066
1.67189236387994
0.922663176810047
0.365690164072771
-0.037967842025235
1.66866715017765
0.926613818492555
0.357458862419639
-0.0388093491851842
1.67473791342497
0.903862649549597
0.400641602155067
-0.0402099388206193
1.63977605958026
0.903085994786527
0.399866121722203
-0.057116483780793
1.63855905762493
0.90457162995328
0.393299183928286
-0.0778888489949385
1.64063886576307
0.909936905260109
0.377084255060179
-0.102089226338485
1.64859083248177
0.907207828686453
0.393843649720696
-0.0477336042809166
1.64486098347314
0.908480921536933
0.389270737598332
-0.0642268428569086
1.64686744446499
0.912459481083349
0.377635412741773
-0.0826226531175206
1.65264514744534
0.911377672889123
0.385510112098925
-0.0535180319840766
1.65127708076078
0.914409098465663
0.377573797504243
-0.067911026115665
1.65593549923899
0.915999793680934
0.376571709375438
-0.0566744587167657
1.65848049900809
0.887848804341579
0.426932641025212
-0.0357896632581054
1.61515157832917
0.885052928105774
0.428901884290707
-0.0520546236232277
1.61057172309262
0.883693759949506
0.427695155021519
-0.071529999998303
1.60827371049447
0.88507363856903
0.420109230354429
-0.0953485536069901
1.61003175561823
0.894079042925441
0.417084280595654
-0.0387091889815346
1.62475175493277
0.892871795227166
0.417061285534037
-0.0531256753840586
1.62276213525149
0.893091903351421
0.414178763921047
-0.0691986371856887
1.62300353849226
0.899385075785221
0.408345156502973
-0.0399760864824672
1.63291830123236
0.899250864490885
0.406996128481406
-0.052146703413322
1.63264648412931
0.903899292155268
0.400791610179067
-0.0400236481524506
1.63989456159923
0.920451417637997
0.372073651065377
0.00245057772443838
1.66526287637273
0.919879626345703
0.373457680570187
0.00102467337016347
1.66448452139775
0.919539010972904
0.374274383538623
-0.00100051194379877
1.66401962016417
0.91952222110495
0.374339007610395
-0.0034548275697083
1.66401016530106
0.921046160669845
0.370211280633145
0.000348402061483239
1.6659016430141
0.920899567889705
0.370653142786814
-0.000699852006887973
1.66573626390802
0.920947046799136
0.370756102673568
-0.002001339333009
1.66589057590797
0.921547370514241
0.369150520119712
-0.000321419396103127
1.66665294461865
0.9216429181025
0.368831665607586
-0.000964767467170127
1.66674702515425
0.921877957130888
0.369585614368812
8.66564419146461e-006
1.66761461006495
0.923214291684882
0.366554099892123
0.00593321244689481
1.66953209616261
0.922134846726715
0.368711693707191
0.00551892692537274
1.66786166800317
0.921159402831454
0.370662974084054
0.00434342308042522
1.66635671844851
0.920470850184095
0.372055472621683
0.00249375440581676
1.66530158460051
0.922826200027903
0.366639653405424
0.00351587417733314
1.66864655780421
0.922056387240849
0.368188414618443
0.00291019487793646
1.66745882975132
0.921462147392358
0.369390396395291
0.00197416790385102
1.66654695608146
0.922607220700303
0.366953669295118
0.00154195273984539
1.66825756181852
0.922042394925429
0.368105575609715
0.00112914979579486
1.66739362391172
0.922362897657766
0.368596304240267
3.88899573727585e-006
1.66835323430095
0.92320120223004
0.366524968450204
0.00591767040186653
1.66948941237005
0.922490401451933
0.368184435331039
0.00794384979520907
1.66849691950593
0.921393039744225
0.369705554877173
0.010324650598319
1.66655797358527
0.919675457791403
0.37252094520548
0.0131858762764856
1.66371499430907
0.922144525195082
0.368711031485706
0.00552055629455116
1.66788417609138
0.921122831976412
0.370977002690185
0.00693548526457535
1.66640858014154
0.9196007335388
0.373373602074456
0.00836183997285972
1.66383111721123
0.921158735904456
0.370671057453449
0.00434017863456685
1.66635846813866
0.919954926029714
0.373327297330028
0.00486257818591407
1.66461657983524
0.920458056138216
0.372042810538399
0.00250058247439489
1.66526639542907
0.925397501412285
0.362362634211983
-4.52537643358603e-005
1.67300025270283
0.925435042181526
0.361054442650561
0.0018408912804633
1.67256191245983
0.925659431872307
0.361173028690045
0.00366334853002364
1.67313809344473
0.926156337565728
0.360755896702824
0.00563850045600601
1.67414423117859
0.924815727820109
0.362411506054526
0.00157731035032387
1.67164105136589
0.924942323969336
0.362444732997592
0.00374035209659059
1.67195229345304
0.925304261150029
0.362541673971628
0.00629485288582589
1.67284833760668
0.924154560011607
0.363900013844879
0.0035513917019044
1.67067579908389
0.924294809767742
0.364542698018244
0.0064487781718682
1.67127046561141
0.923227832088778
0.366560297387468
0.00599181470857418
1.66956651535634
0.906734336532044
0.397333131317023
0.00725561206598358
1.64406399083782
0.904387679377919
0.401634863363406
0.00222784840360308
1.64053839441566
0.90227918890563
0.405355524681654
-0.00438812404387035
1.63735147020999
0.900681879128771
0.407961502439893
-0.0126947190473813
1.63493662557285
0.907982798099531
0.395042185880399
-0.00049353117847749
1.64592037299507
0.906623039188297
0.397547689635848
-0.00579702693170062
1.64389580576593
0.905689626114533
0.399180267869151
-0.012304122420238
1.64253032404836
0.909918247329216
0.391364601164112
-0.00641435358847494
1.64883231594785
0.909363278382305
0.392400008354884
-0.0114883458645506
1.64804269444527
0.91208634826307
0.387055608587901
-0.0105486227699104
1.65205082180362
0.90068197601508
0.407841917916264
-0.0128428502917309
1.63490643412397
0.897041452877349
0.413707938123433
-0.0180512328499683
1.62930963993013
0.892800870005575
0.41990193513947
-0.025603703375845
1.62271135682844
0.887802721169532
0.426832748572007
-0.0358321020514489
1.61499610856288
0.900651278256094
0.407713691462731
-0.0218067936425373
1.63491803384297
0.897509421149113
0.412164723663906
-0.0293165222386678
1.6299847209981
0.894076262392948
0.416979138834971
-0.0389191842733634
1.62471775401044
0.901682458358506
0.405113971068796
-0.0313266291188869
1.63641058780024
0.899446697326485
0.408265737232785
-0.0401348256065537
1.63304129585775
0.904011258443807
0.400707932648195
-0.0401238248500837
1.640133479981
0.90074033944361
0.407942210942649
-0.0127396841049192
1.63507127623709
0.895213999861591
0.416824634355626
-0.0112517891408446
1.62647354137371
0.888063865537521
0.427817023887622
-0.00800574911127717
1.61537857364954
0.878526354303897
0.441698782359092
-0.00183185375377568
1.6006374702278
0.897001646138591
0.413701520309853
-0.0181160741521041
1.62922158527734
0.890057728630757
0.424569039875887
-0.0174519920082462
1.61848530570227
0.880524744031208
0.438698317925838
-0.0148344774619443
1.60374950145401
0.892758225052622
0.419932916028123
-0.0255815877995287
1.62262870566965
0.883776954675298
0.433532485344935
-0.0263775159272165
1.6088013697683
0.887860463026602
0.426783406245006
-0.0358654036973857
1.61510123055336
0.887942313738632
0.426805249844859
-0.0358220246335144
1.61528948580159
0.883735966571999
0.433492549140096
-0.0263842939879961
1.60868762653032
0.880451347283835
0.438716042034487
-0.0147673424725466
1.60358661536827
0.878531054656812
0.441657827342264
-0.0017038915329808
1.60063442079403
0.881054342845908
0.435926877109254
-0.0408869292571235
1.60440156602764
0.875786306892216
0.444056392168065
-0.0291708618676515
1.59617576775604
0.87182183507855
0.450003234846493
-0.0146152050503211
1.5899790406152
0.872053707672632
0.447216663968052
-0.0474150906216085
1.59022317217931
0.865222742102407
0.457417610737343
-0.0321946032075505
1.57962803295354
0.859888332190384
0.461175082575789
-0.0559123724308332
1.57106898713642
0.900763892399803
0.40520917098502
0.0457905572725557
1.63496058637627
0.897288748455285
0.411913532733309
0.0364275895583078
1.62961707147474
0.89510542202392
0.416229113048362
0.0257173997552183
1.6262495450281
0.894380099870385
0.418044964880596
0.0144910423109656
1.62518804218282
0.901433646773391
0.405863367482787
0.0288007844457147
1.63608918139339
0.899979288839934
0.408828020564421
0.0201847012074419
1.63385649588665
0.899584273846203
0.409867269311481
0.0112784887632535
1.63326698911726
0.903811523580989
0.402485210640643
0.0160700227105959
1.63972510726004
0.903562229067657
0.403051947547159
0.00897023416931499
1.63930580044625
0.906662731661077
0.397339843091136
0.00719929205229773
1.64390267562986
0.915155207241988
0.381327528871484
0.00401386319471857
1.65671172143731
0.916289286468718
0.379194253880422
0.00835820960521348
1.65849537153058
0.917886688024019
0.376059043496817
0.0114539992363317
1.66095912927924
0.919644871966116
0.372505031923229
0.0131420277763611
1.66363504885728
0.913869394499958
0.383687884447916
0.00869389809008046
1.65474896827081
0.915843778693513
0.37981637651576
0.013275984535137
1.65777876340825
0.918142801064719
0.375259456448763
0.0159701833017539
1.66130306976856
0.912942815838591
0.385470242201759
0.0152830781149796
1.65343710290517
0.915987915173539
0.379456591837054
0.0194734602698284
1.65807743770874
0.912836363167542
0.38565148417813
0.0238266444597328
1.65344606806501
0.916000334197243
0.376706852834773
0.0541408073178199
1.65838422574032
0.914854353060559
0.377155404391905
0.0656338458453295
1.65664199768918
0.913832766904516
0.375445902595874
0.0806641989043575
1.65477879046979
0.912552188747891
0.372822708729272
0.101154644828591
1.65277913727159
0.911193403640562
0.385859890578307
0.0538170183359366
1.6510028946823
0.908512638370407
0.388874839313315
0.066285217982248
1.646914870629
0.905296550340808
0.390818000144275
0.0823013393604032
1.64163421772975
0.905995147801035
0.395673157488333
0.0512627522398606
1.64306075025067
0.901501682154165
0.40153132730196
0.0632241931727461
1.63606366329037
0.900746486039131
0.405191989021651
0.0457217236237676
1.63490912779199
0.912831153425396
0.385629326314641
0.0237970826080568
1.65342269152931
0.910238570415213
0.390616013660667
0.0197668899488439
1.64943976487838
0.90811699762745
0.394702543204165
0.0141424765633356
1.64619425027549
0.906740113949575
0.397390857686177
0.00724492103350271
1.64410650288503
0.912935145581201
0.385489022579508
0.0152828311761729
1.65342798467308
0.911439285767309
0.388370776845981
0.0109747217855516
1.65111661119773
0.910465401667932
0.390307017366434
0.005850837030934
1.64964019217955
0.913892264582491
0.383691184151902
0.00872985955972176
1.65480409570168
0.913151960365677
0.385125852698126
0.0048277093485729
1.65365928406018
0.915134568860342
0.381316892528965
0.00397880703066564
1.65665819559015
0.922158719889945
0.367303537001088
0.0289578535353392
1.66779272135025
0.91911579360886
0.373291005615549
0.0293431643265921
1.66309860763175
0.915893154543359
0.379652105972499
0.0277025790041351
1.65815013493715
0.912811005343564
0.385672434725449
0.0238430817074471
1.65339594206057
0.920535848654051
0.370461145512726
0.0230623212018739
1.66509912983611
0.918228515234213
0.375018306405438
0.0219356107465094
1.66152998857242
0.916004707261526
0.37945205770895
0.0194314585802798
1.65811463085279
0.919822656474485
0.371907368819064
0.0177027043323358
1.66389143839899
0.91815042721779
0.375260726154002
0.0159689227784542
1.66132066221668
0.919628863687762
0.372509616763816
0.0131648144618658
1.66359966023927
0.900768448875158
0.405197820327325
0.0457900441003081
1.63496436547092
0.901460566256
0.405857962784849
0.0288246680476884
1.63614935746005
0.903782652177476
0.402488747640205
0.0160402170535701
1.63965928115879
0.906692216802561
0.397352073984473
0.00725075944071491
1.64397898172931
0.90615058331732
0.397186396753448
0.0361828937177723
1.64335053085634
0.906571917997094
0.397284893871787
0.0237122145450837
1.6439570747411
0.908120734059055
0.394735556789016
0.0141577476481647
1.64621793346884
0.909976296208698
0.390835862854509
0.0291185942967909
1.64918572972418
0.910275924076864
0.39061485071538
0.019765619879818
1.64952635601844
0.9128169960586
0.385607575608589
0.0237680904847144
1.65337776748002
0.882724401192891
0.433238055050475
0.0429018845195422
1.60694294171186
0.877319498590002
0.440151855740307
0.0481946763209608
1.59847209600442
0.870818005736147
0.447833440382411
0.0546193035470797
1.58821202754243
0.862325055114131
0.457823448809147
0.0628067565073713
1.57513300467674
0.879446567274756
0.439142436435632
0.0287481671534766
1.60189601503316
0.873176184900535
0.447374310105065
0.031721173237261
1.59210816477536
0.865653897052786
0.456502683232389
0.034934563633852
1.58021551279164
0.877985243308452
0.441942589211717
0.013473156242855
1.59964439639634
0.871566658075813
0.450367928264827
0.0137128457407874
1.5895823725534
0.878581424040555
0.441435383841189
-0.00173830607232936
1.60062721664588
0.900747530425408
0.405255459497082
0.0458114624761478
1.63494728017282
0.895768383772497
0.413417172645498
0.0462487016685037
1.62728899157884
0.889833634961375
0.42282681086667
0.0455045915743154
1.618137369047
0.882752841441928
0.433301841060273
0.0429036516204763
1.60703938159241
0.897315936655823
0.411896106317434
0.0364466096127036
1.62967113680645
0.89239030260408
0.419933796036786
0.0345417473114544
1.62209300617446
0.886714772077507
0.428828141516597
0.0309113357534588
1.61331336453914
0.895119612263091
0.416246433284106
0.0257199143063642
1.62628983374039
0.890662782624497
0.423393348284081
0.0215673614095242
1.61938893417394
0.894364004561492
0.418035143578413
0.01450360168162
1.62514758293141
0.900766695084996
0.405250775806656
0.0458420017615271
1.63499162735101
0.896889261623332
0.410091742308796
0.0578224091097707
1.62899326223205
0.892499172940886
0.413877546095152
0.0743112367802957
1.6219393840247
0.887555583507856
0.416681752311565
0.0973065122804968
1.61422501857773
0.895761726812836
0.413449504170803
0.0462256567800991
1.62728799916259
0.890291051349448
0.42009367324118
0.0595392128933236
1.61871179536479
0.883482985020667
0.426680230158794
0.0779484752878467
1.60786509365914
0.889764266922031
0.422833272612562
0.0455496762632945
1.61798601324937
0.882172552463824
0.431851672360864
0.0595967263540588
1.60598014893146
0.882655596860259
0.433311142784191
0.0429643685483897
1.60682688143069
0.923193491775696
0.36651899907089
0.00593533975628972
1.66946908074893
0.923467376851353
0.366091787944354
0.00857692774167412
1.66995660679863
0.924026576854542
0.363969127111785
0.0116063320078
1.67046064602589
0.92517444861411
0.361212477907959
0.0150055312053956
1.67212501095479
0.922490428101884
0.368192462784197
0.0079421154401318
1.66849987476242
0.922700649036238
0.366862900704071
0.0113403063915013
1.66849535878901
0.923385137244558
0.364801129782563
0.0157806974590001
1.66934722202493
0.921402773791806
0.369708982932079
0.0102874723341654
1.66658214198446
0.92147172930828
0.368747242823832
0.0152030482915826
1.66642659948538
0.919660707009447
0.372524840020796
0.0132186829223867
1.66368220382003
0.928004856664461
0.35374400629827
0.0433540564451652
1.67681246258551
0.924818272154998
0.359750835680137
0.0482003042345455
1.67186379506795
0.920818720447024
0.367504551947942
0.0520432637827045
1.66576297427565
0.915972188755543
0.376791339172158
0.0541312766116988
1.6583428685763
0.925309544618448
0.360290595422019
0.0387045224294974
1.67277911240109
0.922415904859697
0.365899177805028
0.0415987377233866
1.66832631461292
0.918957023317674
0.372636621251092
0.0434045495776068
1.66302453431359
0.923412597034034
0.364618594686483
0.033771005059974
1.66982650585643
0.920872554931176
0.369645553615657
0.0352972521711254
1.66594879285121
0.92212200571689
0.367263180422727
0.0289524561975276
1.66768935174456
0.927462669078782
0.357192433610296
0.0016195215503014
1.67581748969448
0.928307226479901
0.35648756397605
0.00255365892880367
1.677538726902
0.929313457073662
0.35342004216394
0.00240118999993896
1.67874619195773
0.932696775276368
0.34631745083504
0.00377264265255148
1.68404524713204
0.926654346014189
0.35791360949459
0.00248106540198213
1.67420052218817
0.927472397649794
0.357198022410473
0.00458898181531264
1.67585137894835
0.928457571078433
0.354944919004425
0.00660436633090031
1.67732161218257
0.925601835854808
0.360997653908113
0.00225090650924353
1.67293737727617
0.92654282029195
0.359274169628321
0.00678396734730144
1.67448559715444
0.921920942874092
0.368133685295913
0.00397678868951072
1.66711382795414
0.926978895181285
0.358508945045894
-0.000372022938751323
1.67521437383793
0.928197248463554
0.356794924855501
4.58678073764101e-005
1.67741616579176
0.928738880652634
0.354682257843558
-0.000407423667713176
1.67788783638495
0.934306903722547
0.347635583746605
0.0020311524170788
1.68834014533784
0.926876244137197
0.356825530378067
0.000699390154062136
1.67430651117983
0.928360256183827
0.35521448798845
0.00143522481267564
1.67717836631873
0.928685349877785
0.353296615212139
0.00292400517669039
1.67721869408736
0.926931384741258
0.357777266772226
0.00145358020038399
1.67480036485927
0.928066971586673
0.356614685415048
0.00267872338242782
1.67702348738054
0.926976857689143
0.357088588984325
0.00207757720017882
1.67463215248799
0.92236678975022
0.36858896625802
5.62240293587163e-006
1.66835954528132
0.92336401402187
0.36656625944784
7.91003936819432e-006
1.66988946868195
0.924441985398523
0.364329741882702
-2.09541103422366e-006
1.67153129472871
0.925375969685002
0.36234457501922
-2.71570021709808e-005
1.67294266132297
0.922604313023142
0.366953685564278
0.00152807056041234
1.66825058429186
0.923718031514877
0.364673038542836
0.00171975825973063
1.66995630118349
0.924822343304591
0.362421745232103
0.00156807715177454
1.67166077694218
0.92284418650152
0.366625055172702
0.00351473631543639
1.66868277083847
0.924144970326713
0.363894074491019
0.00356787245326739
1.67065099123833
0.923231584055025
0.366563208301606
0.00597151408601457
1.6695764528614
0.92736887986086
0.358218144255883
-5.99749052659945e-005
1.67601867213123
0.92725483348329
0.357248021417857
0.000925324989949837
1.67535955472256
0.927163707537693
0.358356513676763
0.001908806651188
1.67557105205044
0.927403163722539
0.357447550320048
0.00295091208774783
1.67577403487714
0.926955820514064
0.359207312478488
1.34517931946119e-005
1.6754307264151
0.926722120699456
0.358322104345855
0.00123920470895356
1.67452224298705
0.926723303866148
0.359300899154756
0.002849524682395
1.67490411054712
0.92631049581269
0.360560153279927
9.4784236722413e-006
1.67443930853116
0.926013708712627
0.359881740140087
0.00178269267160963
1.67346311100797
0.925395318988874
0.362407358257798
-3.37660991091121e-005
1.67301185765846
0.927492153769068
0.357046526554143
0.000105367035646462
1.67584169697665
0.927566012898709
0.356901353045437
-4.26418124619441e-005
1.67596160823262
0.927629469841818
0.357154196338951
-0.000116497304850013
1.67621216473954
0.927635764926369
0.357332185880232
-1.52621774129122e-005
1.67630252206977
0.927372797567586
0.356895418535957
-0.000144748777403755
1.67550591697956
0.927380220803307
0.357486100335939
-6.05034319668853e-005
1.67575579240258
0.92741296321302
0.358031566429681
1.77326375948315e-005
1.6760537156891
0.92739678225352
0.357862996444633
-1.9072400870806e-005
1.67594023284194
0.927388763817131
0.357937691607481
-4.61106893958268e-006
1.67595747357434
0.927031221054096
0.358006664199603
-4.98646480231063e-005
1.67515169677557
0.927404381188202
0.35705871320758
0.000157084054982977
1.67563940164777
0.927535542845253
0.357244126684361
-0.000310567084461928
1.67601122253635
0.927496867200859
0.35709894557234
-0.000136529005585091
1.67586532274782
0.927454311924002
0.357099869268099
-0.000216031035145371
1.67579340506431
0.927380549476184
0.356946260930143
4.82691540723263e-005
1.67554214508074
0.927524906179946
0.357190760028994
-0.000202641246069618
1.67596646673032
0.927506515180557
0.357156324721862
-0.00015614661668123
1.67590915221171
0.927398717297923
0.356986158381123
-0.000107192962727297
1.67560348346238
0.927516433469874
0.357145627476104
-0.000157869975979266
1.67592990414964
0.927484963082917
0.357111906224591
-0.00018472868079397
1.67586006261679
0.926329258821549
0.360294604315242
-1.37179536135775e-005
1.67437970726613
0.926777264754065
0.358312748897117
-0.000846483286827232
1.67464769993708
0.927185520980759
0.35818082809046
-0.00111691878967368
1.6755525074988
0.927508314275071
0.357569397768124
-0.00103371111971077
1.67606420758833
0.926750978587228
0.359452768344558
3.55883666021259e-005
1.6750440991266
0.927026524116678
0.357753256888826
-0.000603849108621538
1.67501792701087
0.927288835587382
0.357892832095907
-0.000715195812557135
1.67568559360516
0.927021006553015
0.358851427194334
1.04064093738719e-005
1.67544611525409
0.927222135947841
0.357406301173259
-0.000364481620781768
1.67534267292419
0.927194545988753
0.358382331763996
-0.000103245675617703
1.67567580120679
0.923988354123251
0.365368081742025
7.52392092537177e-006
1.67087745497335
0.924278189888326
0.363514180999231
-0.00218841539907945
1.67081258224098
0.924750763209617
0.363151787649013
-0.00451090516712664
1.67178196439919
0.925554243591559
0.361783205307358
-0.00676330664651389
1.67314136062972
0.92494049312766
0.363387645843637
1.33611042384689e-006
1.67232848763517
0.925248102022469
0.361389577043602
-0.00184521062507063
1.67225418157332
0.925776208229359
0.361052846882752
-0.00345706944481491
1.67336410435164
0.925767406979973
0.361764761220079
6.53434822010462e-005
1.67363520785247
0.926016445566704
0.359802331787319
-0.00139534990963528
1.67343830343421
0.926319756505851
0.36039340113748
-8.45202254421805e-005
1.67439613342807
0.923959752737552
0.365349943974993
-5.80737888049303e-006
1.67080320392744
0.923166483773758
0.366993958071983
9.03201035648068e-006
1.66959652311629
0.922425378124983
0.368479757639907
-4.5727484049932e-006
1.66845292929603
0.921893146803277
0.369587046210788
1.91688204897949e-005
1.66765173138646
0.9235571239597
0.365002194279342
-0.00164198990207646
1.66970920296665
0.922727753446787
0.366711243366555
-0.00148218932156326
1.66844355839327
0.922023695220009
0.368145495707529
-0.00110651180583227
1.6673657901169
0.923053735706985
0.366136654294684
-0.00338133346532264
1.66897894872594
0.922104713798871
0.36807309529019
-0.00286637427625898
1.66752584286745
0.922283667946001
0.368338506050366
-0.00532871566662741
1.66805945596811
0.922361643274242
0.368592863612451
-3.83793168796295e-006
1.66834875698003
0.922034996253022
0.368089999490253
0.00113747842548218
1.66736998261106
0.921451909222302
0.369391589249247
0.00199652806632822
1.6665235772118
0.920483844244405
0.372071498841511
0.00246876434938309
1.6653382543611
0.921821388657961
0.369692546066318
-2.45222910445976e-007
1.6675252521441
0.92157259943607
0.369072129786095
0.000438427789393864
1.66668024575727
0.92103053124163
0.370222279704079
0.000349882330183133
1.66586942559264
0.921632144303195
0.370025699985371
-2.88538923806194e-005
1.66721598668498
0.921538508396554
0.369134166733313
-0.000343791478966936
1.6666255165822
0.921904416566243
0.369570178362876
3.29501595423246e-005
1.66767030933869
0.92836169639295
0.355088752986285
-0.000448222221295432
1.67715429804136
0.928281690861362
0.357327725907532
0.000617698768502325
1.67780646248284
0.928079969534831
0.356542206758407
0.00134656326746029
1.67702602111728
0.927930260392861
0.357265403984058
0.00208615553665133
1.6769421141811
0.926843797026928
0.357022602139612
8.09453472585975e-005
1.67432263003146
0.926667160381833
0.359053440695004
0.00135518607043572
1.67467575680165
0.926883336906601
0.357807034029184
0.00261718691205995
1.67469867199927
0.926373737223738
0.359234917175518
-0.000413356821204997
1.67407971568248
0.926206334121138
0.361106677921846
0.00279739445878228
1.67439795611874
0.920186905930216
0.36669638107837
0.00184221164292154
1.66248441931816
0.929507399919919
0.351685240138842
1.25930030057714e-005
1.67855879620552
0.929433268170101
0.353099722847286
0.00157090600261893
1.67890907537031
0.929182991875467
0.354081353213497
0.00290775313555813
1.67868920143382
0.928781679484378
0.354682800390719
0.00385184913567732
1.67797489902363
0.928668476658494
0.353563256050003
-4.77097030874972e-006
1.67729475634841
0.92864134094981
0.354886951483848
0.000912190221896371
1.67772412282907
0.928504246105668
0.355500519177977
0.00176323516374306
1.67763094208315
0.928103872157472
0.354694773885094
2.71619911413862e-005
1.67639803320037
0.928103289812547
0.356065152932315
0.000619145817883638
1.67690829858681
0.927800548573199
0.355471003485291
-3.24232311505529e-005
1.67597985978423
0.931382647062804
0.348649937250173
0.0226623080212455
1.68209380629313
0.933583096185962
0.344076798513254
0.0158133740915538
1.68545146902866
0.934410704540451
0.342226934227216
0.00825332320489397
1.68664010979893
0.933218743569953
0.342410414712552
0.000771834988030606
1.68386143759723
0.934122983365891
0.342658722512161
0.021850928121513
1.68633306174987
0.935419274467786
0.338868094102586
0.0123508152442456
1.68785131097919
0.935527018879503
0.338306622910696
0.00369154218022448
1.68784237766346
0.936959963916998
0.335745219151878
0.0186429431217744
1.69047810147281
0.937051628763516
0.334761534701705
0.00743767091437491
1.69020515707594
0.939062731871415
0.3285553904928
0.011765973730537
1.69282528782825
0.932957413762527
0.335647740835377
0.0778546707586502
1.68403468612833
0.930472361586928
0.344136788117906
0.0633314604381261
1.68016117761819
0.928906627456649
0.350339592400727
0.0522348412151061
1.67808357250004
0.927818985462331
0.353752477506672
0.0433160306744418
1.67637125756512
0.936913763577233
0.328491206256395
0.0663247927658447
1.68996406352933
0.933914862940323
0.338113133095914
0.0552734507026093
1.68557449430363
0.931653993259444
0.345317842170715
0.046172038553914
1.68235961901237
0.939460256887277
0.324149149493625
0.0556958114662989
1.69382297403214
0.935939122954737
0.334217433887915
0.0468678700667959
1.68849765616497
0.941721095329473
0.321361766638588
0.0446671377471634
1.69765130693884
0.929443059695892
0.351537563566165
7.69230500930214e-006
1.67835119990122
0.930433193201828
0.349726026983938
0.000124422768103099
1.68000373364305
0.931567236948732
0.347294924302319
0.000483073512303645
1.68176834783541
0.933352821808003
0.342880834868495
0.00105813384370915
1.68435365331112
0.930222730894631
0.351636334048036
0.00241108455311022
1.68021465030004
0.931135621867202
0.349307095972358
0.00366748520480918
1.68149641090798
0.932552484951354
0.346308386844462
0.00610460041693842
1.68373393366432
0.930341142329595
0.35156491354943
0.00603167609914147
1.68047788838435
0.931148749137521
0.349843363919504
0.00899190822642726
1.68175807837708
0.929580748864745
0.352784033227831
0.0100502319266078
1.67917990948297
0.939423080406132
0.32804868857179
0.0116011526605734
1.69349752637723
0.941279342910621
0.323826289450583
0.0215131846037157
1.69663605927506
0.941398109726363
0.322212286416919
0.0326187400607104
1.69667635721321
0.940811652937849
0.32163280383721
0.0440732834542881
1.69554987719198
0.936710934898301
0.335989522965921
0.0185861437319508
1.68997038820023
0.937016759507729
0.334422729989006
0.0263401696472858
1.69032946974093
0.93675808348204
0.33492547563136
0.0353875949038185
1.69019178630008
0.933971767122513
0.342961201918026
0.0218829933645004
1.68608658075122
0.933441063348788
0.343282304273769
0.0280166344076299
1.68511165957261
0.931404766805816
0.348808264231167
0.0227299354618476
1.68220607360806
0.927874818771813
0.355219507530042
-3.46337260084627e-005
1.67606980480664
0.927669076462969
0.35549300401874
2.18841341283343e-005
1.67569001612187
0.927532802025494
0.355912965533685
-6.20948998139623e-005
1.67553010466993
0.92745906816089
0.356699727978423
-0.000308652576192329
1.67565451486792
0.927803276354374
0.356893909106537
-0.000382865297851692
1.67651229768946
0.927687861550025
0.357310068298185
-0.000252397523132987
1.67640014662947
0.927550556112183
0.357241791593409
-4.69642128584814e-005
1.67605316456525
0.927611065680194
0.356062885056657
-0.000789709007007028
1.67574020059013
0.92763215949754
0.356404276214586
-0.000390109844682727
1.67591764765065
0.927392977506135
0.357609026112454
-0.00110254404563824
1.67580806908548
0.929046984106358
0.352496807316942
0.000108250574610342
1.67779603107063
0.928458685531185
0.353967477803955
-5.11755512267067e-005
1.67697101292599
0.928080212774388
0.354738770541062
-3.62983242548629e-005
1.6763753590759
0.927866756043951
0.355188781279663
-1.60878794535311e-005
1.67604076288025
0.928933309563356
0.354622547546307
-0.00179606574539949
1.67830421944046
0.928365122810691
0.355800116763765
-0.0010306080286836
1.67741426592088
0.928057326650111
0.35654513899683
-0.00066066065223174
1.67697679686858
0.928369606503857
0.355207747591615
-0.00310396266417233
1.67720456967944
0.928101734828068
0.355797691978953
-0.0018349964307461
1.67679632999645
0.9276875103303
0.35585593552859
-0.00343169547631972
1.67583402840853
0.929713675467013
0.352647038932617
-0.00663778572715712
1.6793956907842
0.930778599653165
0.350481859782794
-0.00614608832141905
1.68111774348515
0.932152742973742
0.347155299558909
-0.00444825764105493
1.6830907431001
0.933325895778815
0.342927668328528
-0.000716702271761724
1.68434210633476
0.929909099202254
0.352629541819951
-0.00366724945608298
1.67986057818195
0.930571386323347
0.3505637712577
-0.00243021315329371
1.68062209874444
0.93113715560127
0.347963485287463
-0.000425178717525669
1.68104692128608
0.929570879348195
0.352752853862059
-0.00140637100494976
1.6790977487491
0.92995850065393
0.350702501729399
-0.000164438178058884
1.67929336072641
0.929104711121812
0.352507591858054
0.000245315391194491
1.6779471876805
0.939586246884434
0.32874673869257
-0.0119346801496994
1.69419445391413
0.936953941192611
0.334073701855643
-0.00722593665665526
1.68977261335501
0.935466082858003
0.338115213167197
-0.00395583823935388
1.68767651832044
0.933791868623973
0.342601276397907
-0.000533059141512923
1.68533301707569
0.936053554093975
0.337427159284315
-0.0173345796342889
1.68889715151896
0.935044726582911
0.34036189009392
-0.0116859794253989
1.68748322313778
0.933575088020364
0.34306210706119
-0.00752589482492821
1.68495183824005
0.933001298881226
0.34456625700542
-0.0190333316732235
1.68432733464841
0.932796359344454
0.345715691903794
-0.0136744645976415
1.68417702994538
0.930725291113933
0.350030000165228
-0.0186822900778651
1.6809526564084
0.930600221007596
0.350126840179477
-0.0186436682136527
1.68069235731252
0.932980775768201
0.344677416994843
-0.0232079866936034
1.68441500618636
0.93631114155061
0.335806183312389
-0.0294719848313364
1.68922557220453
0.941863809151056
0.321397514533793
-0.0370087137551933
1.69771259949797
0.932985912521145
0.344832693544199
-0.0189262944274957
1.68438891060347
0.936542032653355
0.336258727520066
-0.0227651763303278
1.68975114501622
0.941272016916456
0.32274654362746
-0.0277533393554295
1.69645138585543
0.935875205463022
0.337616793950936
-0.0173646257832514
1.6885435404959
0.940845071025086
0.324491797936024
-0.0198248536317514
1.69583083721276
0.939656437010399
0.328326119177275
-0.0122172980437019
1.6942137247561
0.916140983173298
0.376784065478065
-0.0565862876186639
1.65889341886665
0.914576471519516
0.377889014408186
-0.0677886706462945
1.65643367908749
0.912602756020514
0.377741585666625
-0.0826483769768168
1.65300263714593
0.909574805030124
0.376195090458837
-0.102883529904814
1.64745833849878
0.920755025938813
0.365444985671716
-0.065867889972852
1.66567103199186
0.920448621516651
0.362579119801782
-0.0783491136488209
1.66481225622919
0.921287370017836
0.357505869007809
-0.0940275608889531
1.66632079480942
0.927422859022369
0.350646155239592
-0.0719174427535777
1.67602781564628
0.928094048680529
0.344500106279356
-0.0842227915001528
1.67637773202002
0.93415214817849
0.33197992236553
-0.0754263044689669
1.68539710301075
0.859838107941333
0.461332686559401
-0.0559672108918037
1.57104802715878
0.865441659185187
0.45730848643538
-0.032293125369464
1.58006410958549
0.8719041926031
0.450009531867095
-0.0146911870451849
1.59016886165801
0.87866888938729
0.441537451956151
-0.00169974753733395
1.60087479176935
0.854679956978873
0.469513756313772
-0.0361404899389927
1.56306810602462
0.862955411342564
0.460925391541891
-0.0152480143610246
1.57600941458547
0.871453684810741
0.450922741863425
-8.10402472412575e-005
1.58950119587767
0.85204791535827
0.473844195712328
-0.0158950060858135
1.55906904680992
0.862557494850948
0.461858570151791
0.00225540918800907
1.57549273776929
0.850524412295929
0.475123938023659
0.00555987351788751
1.55632095100439
0.926355414217885
0.357579474359541
-0.0388356529541045
1.67417504197662
0.928203520358548
0.352933612886539
-0.0478009969501375
1.67718795574536
0.930444907481457
0.345228233328308
-0.0594754536749019
1.68022314041386
0.935039399684346
0.331746978125866
-0.0746619416202709
1.68735137950036
0.930616427824341
0.347949852101989
-0.0418781675418426
1.68070278083582
0.93394000118983
0.339057700016262
-0.050704970003173
1.68569434727572
0.938419501651353
0.325501512159435
-0.0606728065318015
1.6921781679693
0.935890164039061
0.33548389751833
-0.0418531145446756
1.68858671634791
0.940631247222381
0.322021887296845
-0.0485268167882703
1.69553149514877
0.941634199917556
0.321053031885671
-0.0371442671786242
1.69706255943745
0.885385938260766
0.419666482080287
-0.0954225549932459
1.61053098991734
0.894666164246924
0.404908989067246
-0.0995384314875517
1.62525846572412
0.902245365598743
0.391373441132298
-0.101150060650482
1.6367871581355
0.909617224502191
0.377317516065406
-0.101798753909349
1.64791268994671
0.893030206596906
0.414299154652231
-0.0691559251009356
1.62290674715118
0.898808263476354
0.403587394563718
-0.074719905783466
1.6316874434431
0.90491748548812
0.393093628301951
-0.0780781322106283
1.64136975805931
0.899440415659885
0.4072021977665
-0.0520173574717932
1.63315334796705
0.903153870585045
0.399855244940052
-0.0571345052898977
1.63871330998092
0.903659812686259
0.400724428032654
-0.0401126767275631
1.63933749032239
0.887906371838723
0.417023766827161
0.0976142064569936
1.61520058544837
0.878418302910679
0.431891890963535
0.0879420378524983
1.59996129930497
0.870974558524337
0.444304344527091
0.0762537954160734
1.58838607073912
0.863182437332301
0.457300512496425
0.0631979761186166
1.57678092939103
0.883300885946024
0.426492060056992
0.0778106054479392
1.60734279791364
0.877023847573409
0.43794576615803
0.0673332164181835
1.59798324011
0.870335590869844
0.448102713101555
0.0545196423723035
1.58727322241481
0.882138458326293
0.431727406401783
0.0595856393874788
1.60583843514947
0.876980750669046
0.440360079924156
0.0481862525399873
1.59781964270989
0.882542599147786
0.433270071241256
0.0428771412278775
1.6065461858492
0.888051501919106
0.426901500690909
-0.0357839181153175
1.61558691814369
0.881129966667494
0.436143303371699
-0.0408128514596463
1.60466304950686
0.872182752140661
0.447339623565349
-0.0474076057798685
1.5905655895252
0.859932050263646
0.460679783689894
-0.0563357342213168
1.57093094985783
0.885112768489263
0.428853771551671
-0.0521096334678611
1.61069228761985
0.877474463041001
0.438096023189146
-0.0606396127047883
1.5985704676141
0.868352546428242
0.44878766272455
-0.0715999106520953
1.58447754609127
0.884112536136591
0.427545064739019
-0.0717526265978287
1.60917033008382
0.875888835973454
0.436197888436413
-0.0844707408685476
1.59606523413434
0.884697037775325
0.420401327379386
-0.0957082349326718
1.60936488261623
0.862190963601786
0.457899850403452
0.0626918771010124
1.57486705058984
0.856702285089455
0.466385667664818
0.0446919805715175
1.56621494365356
0.853173668262976
0.471914829230036
0.025783343155635
1.56070986740483
0.85122733271575
0.475224091805255
0.0059507631006783
1.55791650849525
0.865645561762101
0.456439527425658
0.0349671302780728
1.58016157911446
0.863342782805588
0.46045284938963
0.0188752782310137
1.57668747875856
0.862312642972494
0.461877514815937
0.00217041900191724
1.57496371901706
0.871541101103296
0.450282834323102
0.0137200826932928
1.58948107544339
0.871375398574905
0.450868217545441
-0.00012417539910557
1.58930465550034
0.87856062759318
0.441430346894255
-0.00174249534614251
1.60057722274042
0.913388778807519
0.372242945982406
0.101118113442578
1.65447519165549
0.913356409979876
0.375729177770662
0.0807233457498829
1.65379262647962
0.914635611527977
0.377279309467112
0.0657714327058647
1.65619575326592
0.91584689052914
0.376749892391958
0.0540511226271088
1.65802916577974
0.921289010206064
0.3568996734728
0.0937238010255415
1.66599055228226
0.920270331210602
0.36370145110658
0.0775715276694411
1.66477717819909
0.919754873158915
0.367398664170224
0.0639723030132588
1.66397494141834
0.927213604248288
0.345937537478926
0.0864332091610828
1.67503932352665
0.925303148101487
0.35341999070798
0.0723087701291897
1.672120546753
0.933109928891726
0.336056716760776
0.078368072666723
1.68458381004236
0.912638491266235
0.373135104621467
0.101194971152188
1.65311026896743
0.904721930381468
0.386692684538605
0.101426877466414
1.64051461763456
0.897148468219891
0.400203763900487
0.0999533403334346
1.62883913151516
0.888433088427627
0.416191158983361
0.0971221291163916
1.61597708371632
0.905178041323834
0.390636736677135
0.0821972662540126
1.64126479631059
0.899120919915601
0.402357020635423
0.0795625221557664
1.63227298127716
0.892055824976131
0.414120438548914
0.0742867963794452
1.62104147298453
0.901420945413147
0.401344333069607
0.0631514339553285
1.63578560165338
0.896649355912656
0.410223759122787
0.0578555648495144
1.62850895236503
0.90080708502257
0.405195578775491
0.0457679279851326
1.63505344742072
