-0.750640679918
-0.7829123175866666
-0.8151839552553334
-0.847455592924
-0.8797272305926667
-0.9119988682613334
-0.9442705059300001
-0.7329185879148333
-0.7651902255835
-0.7974618632521667
-0.8297335009208334
-0.8620051385895
-0.8942767762581668
-0.7151964959116668
-0.7474681335803333
-0.7797397712490002
-0.8120114089176667
-0.8442830465863334
-0.6974744039085
-0.7297460415771667
-0.7620176792458333
-0.7942893169145
-0.6797523119053334
-0.7120239495740001
-0.7442955872426668
-0.6620302199021667
-0.6943018575708334
-0.644308127899
-0.750640679918
-0.7123970557011666
-0.6741534314843334
-0.6359098072675
-0.5976661830506667
-0.5594225588338334
-0.521178934617
-0.715588903805
-0.6773452795881667
-0.6391016553713335
-0.6008580311545001
-0.5626144069376667
-0.5243707827208334
-0.680537127692
-0.6422935034751667
-0.6040498792583334
-0.5658062550415001
-0.5275626308246667
-0.645485351579
-0.6072417273621666
-0.5689981031453334
-0.5307544789285
-0.610433575466
-0.5721899512491667
-0.5339463270323335
-0.575381799353
-0.5371381751361667
-0.54033002324
-0.6553335733239616
-0.6251084930228014
-0.5948834127216411
-0.5646583324204808
-0.5344332521193206
-0.5042081718181602
-0.473983091517
-0.653495999086468
-0.6232709187853078
-0.5930458384841475
-0.5628207581829873
-0.5325956778818269
-0.5023705975806667
-0.6516584248489745
-0.6214333445478142
-0.5912082642466538
-0.5609831839454936
-0.5307581036443334
-0.6498208506114809
-0.6195957703103205
-0.5893706900091604
-0.5591456097080001
-0.6479832763739872
-0.617758196072827
-0.5875331157716668
-0.6461457021364937
-0.6159206218353335
-0.644308127899
-0.521178934617
-0.5417004668306667
-0.5622219990443333
-0.582743531258
-0.6032650634716668
-0.6237865956853335
-0.644308127899
-0.5133129607670001
-0.5338344929806668
-0.5543560251943334
-0.5748775574080001
-0.5953990896216667
-0.6159206218353334
-0.5054469869170001
-0.5259685191306667
-0.5464900513443334
-0.5670115835580001
-0.5875331157716668
-0.49758101306700003
-0.5181025452806667
-0.5386240774943334
-0.5591456097080001
-0.48971503921700005
-0.5102365714306667
-0.5307581036443334
-0.481849065367
-0.5023705975806667
-0.473983091517
-0.346439998184
-0.36769718040616667
-0.3889543626283334
-0.41021154485050004
-0.4314687270726667
-0.4527259092948333
-0.473983091517
-0.3692442698637324
-0.3905014520858991
-0.41175863430806575
-0.4330158165302324
-0.45427299875239907
-0.47553018097456573
-0.3920485415434648
-0.41330572376563146
-0.4345629059877981
-0.4558200882099648
-0.47707727043213144
-0.4148528132231971
-0.4361099954453638
-0.45736717766753043
-0.4786243598896971
-0.4376570849029295
-0.45891426712509614
-0.48017144934726286
-0.46046135658266185
-0.48171853880482857
-0.4832656282623942
-0.119799968683
-0.1380647154155
-0.156329462148
-0.17459420888049998
-0.19285895561299998
-0.2111237023455
-0.229388449078
-0.12702846618883334
-0.14529321292133335
-0.16355795965383335
-0.18182270638633335
-0.20008745311883333
-0.2183521998513333
-0.13425696369466666
-0.15252171042716667
-0.17078645715966667
-0.18905120389216665
-0.20731595062466665
-0.14148546120049998
-0.159750207933
-0.1780149546655
-0.196279701398
-0.14871395870633333
-0.16697870543883334
-0.18524345217133334
-0.15594245621216668
-0.17420720294466668
-0.163170953718
-0.243692709616
-0.26081725771066666
-0.27794180580533334
-0.2950663539
-0.31219090199466665
-0.32931545008933333
-0.346439998184
-0.24754572396328578
-0.26467027205795246
-0.28179482015261914
-0.2989193682472858
-0.3160439163419524
-0.33316846443661907
-0.2513987383105716
-0.2685232864052382
-0.2856478344999049
-0.3027723825945715
-0.3198969306892382
-0.2552517526578573
-0.27237630075252395
-0.28950084884719063
-0.3066253969418573
-0.25910476700514307
-0.27622931509980975
-0.2933538631944764
-0.2629577813524288
-0.2800823294470955
-0.2668107956997146
-0.229388449078
-0.24889704059566664
-0.26840563211333335
-0.287914223631
-0.30742281514866665
-0.32693140666633336
-0.346439998184
-0.231772492501
-0.25128108401866667
-0.2707896755363334
-0.290298267054
-0.3098068585716667
-0.32931545008933333
-0.23415653592400001
-0.25366512744166664
-0.27317371895933334
-0.292682310477
-0.31219090199466665
-0.236540579347
-0.25604917086466666
-0.2755577623823333
-0.2950663539
-0.23892462276999998
-0.25843321428766663
-0.27794180580533334
-0.241308666193
-0.26081725771066666
-0.243692709616
-0.0927936568087
-0.09729470878775
-0.1017957607668
-0.10629681274585
-0.1107978647249
-0.11529891670395
-0.119799968683
-0.10452320629358333
-0.10902425827263333
-0.11352531025168333
-0.11802636223073333
-0.12252741420978333
-0.12702846618883334
-0.11625275577846667
-0.12075380775751665
-0.12525485973656666
-0.12975591171561665
-0.13425696369466666
-0.12798230526335
-0.1324833572424
-0.13698440922145
-0.14148546120049998
-0.13971185474823333
-0.14421290672728332
-0.14871395870633333
-0.15144140423311667
-0.15594245621216668
-0.163170953718
-0.336389575903
-0.3380646462831667
-0.33973971666333336
-0.34141478704350003
-0.34308985742366666
-0.3447649278038334
-0.346439998184
-0.3185560547655
-0.32023112514566665
-0.3219061955258333
-0.323581265906
-0.3252563362861667
-0.32693140666633336
-0.30072253362800005
-0.3023976040081667
-0.30407267438833335
-0.3057477447685
-0.30742281514866665
-0.2828890124905
-0.2845640828706667
-0.2862391532508334
-0.287914223631
-0.265055491353
-0.26673056173316667
-0.26840563211333335
-0.2472219702155
-0.24889704059566667
-0.229388449078
-0.180889977059
-0.20680657686633336
-0.23272317667366668
-0.258639776481
-0.28455637628833336
-0.3104729760956667
-0.336389575903
-0.18897305572883336
-0.21488965553616668
-0.2408062553435
-0.2667228551508334
-0.2926394549581667
-0.3185560547655
-0.19705613439866668
-0.222972734206
-0.24888933401333335
-0.27480593382066665
-0.300722533628
-0.2051392130685
-0.23105581287583332
-0.2569724126831667
-0.2828890124905
-0.21322229173833335
-0.23913889154566667
-0.265055491353
-0.22130537040816664
-0.2472219702155
-0.229388449078
0.0774350516442
0.05094083743590001
0.02444662322760001
-0.0020475909806999953
-0.028541805188999993
-0.05503601939729999
-0.0815302336056
0.05825496462078335
0.03176075041248334
0.005266536204183344
-0.021227678004116658
-0.047721892212416656
-0.07421610642071666
0.03907487759736668
0.01258066338906667
-0.013913550819233324
-0.04040776502753333
-0.06690197923583333
0.01989479057395
-0.006599423634349996
-0.033093637842649994
-0.05958785205095
0.0007147035505333382
-0.02577951065776666
-0.052273724866066656
-0.018465383472883325
-0.04495959768118332
-0.0376454704963
-0.300672939198
-0.33742393843449997
-0.374174937671
-0.4109259369075
-0.447676936144
-0.4844279353805
-0.521178934617
-0.30662571198216665
-0.3433767112186667
-0.3801277104551667
-0.4168787096916667
-0.4536297089281667
-0.49038070816466667
-0.3125784847663333
-0.3493294840028333
-0.38608048323933336
-0.42283148247583335
-0.45958248171233335
-0.3185312575505
-0.355282256787
-0.39203325602350003
-0.42878425526
-0.32448403033466666
-0.3612350295711667
-0.3979860288076667
-0.33043680311883333
-0.3671878023553334
-0.336389575903
-0.0376454704963
-0.044959597681183336
-0.05227372486606667
-0.05958785205095
-0.06690197923583333
-0.07421610642071666
-0.0815302336056
-0.06151955492341667
-0.0688336821083
-0.07614780929318334
-0.08346193647806667
-0.09077606366295
-0.09809019084783333
-0.08539363935053333
-0.09270776653541667
-0.1000218937203
-0.10733602090518332
-0.11465014809006666
-0.10926772377765001
-0.11658185096253335
-0.12389597814741668
-0.1312101053323
-0.13314180820476668
-0.14045593538965
-0.14777006257453335
-0.15701589263188334
-0.16433001981676668
-0.180889977059
-0.521178934617
-0.5133129607670001
-0.5054469869170001
-0.49758101306700003
-0.48971503921700005
-0.481849065367
-0.473983091517
-0.4903807081646667
-0.48251473431466674
-0.47464876046466675
-0.4667827866146667
-0.4589168127646667
-0.4510508389146667
-0.4595824817123334
-0.45171650786233336
-0.44385053401233343
-0.43598456016233333
-0.4281185863123334
-0.42878425526
-0.42091828141000004
-0.41305230756000005
-0.40518633371
-0.3979860288076667
-0.3901200549576667
-0.38225408110766673
-0.3671878023553334
-0.3593218285053334
-0.336389575903
-0.336389575903
-0.35932182850533334
-0.3822540811076667
-0.40518633371
-0.42811858631233335
-0.4510508389146667
-0.473983091517
-0.3380646462831667
-0.3609968988855
-0.38392915148783335
-0.4068614040901667
-0.4297936566925
-0.45272590929483336
-0.33973971666333336
-0.3626719692656667
-0.38560422186800003
-0.40853647447033337
-0.4314687270726667
-0.34141478704350003
-0.36434703964583337
-0.3872792922481667
-0.41021154485050004
-0.34308985742366666
-0.36602211002600005
-0.3889543626283334
-0.3447649278038334
-0.3676971804061667
-0.346439998184
-0.750640679918
-0.81319243798
-0.875744196042
-0.9382959541039999
-1.000847712166
-1.0633994702279999
-1.12595122829
-0.7829123175866666
-0.8454640756486667
-0.9080158337106667
-0.9705675917726666
-1.0331193498346667
-1.0956711078966666
-0.8151839552553334
-0.8777357133173332
-0.9402874713793333
-1.0028392294413333
-1.0653909875033332
-0.847455592924
-0.910007350986
-0.972559109048
-1.03511086711
-0.8797272305926667
-0.9422789886546666
-1.0048307467166668
-0.9119988682613334
-0.9745506263233334
-0.9442705059300001
-0.521178934617
-0.5594225588338334
-0.5976661830506667
-0.6359098072675
-0.6741534314843334
-0.7123970557011667
-0.750640679918
-0.5417004668306667
-0.5799440910475001
-0.6181877152643335
-0.6564313394811667
-0.694674963698
-0.7329185879148333
-0.5622219990443333
-0.6004656232611667
-0.6387092474780001
-0.6769528716948334
-0.7151964959116666
-0.582743531258
-0.6209871554748334
-0.6592307796916668
-0.6974744039085
-0.6032650634716668
-0.6415086876885
-0.6797523119053334
-0.6237865956853335
-0.6620302199021667
-0.644308127899
-0.9795474602930002
-1.0039480882925003
-1.0283487162920002
-1.0527493442915001
-1.077149972291
-1.1015506002905
-1.12595122829
-0.9413963302305002
-0.9657969582300002
-0.9901975862295002
-1.014598214229
-1.0389988422285
-1.0633994702279999
-0.9032452001680003
-0.9276458281675002
-0.9520464561670001
-0.9764470841665001
-1.000847712166
-0.8650940701055001
-0.889494698105
-0.9138953261045
-0.9382959541039999
-0.8269429400430001
-0.8513435680425001
-0.875744196042
-0.7887918099805
-0.8131924379800001
-0.750640679918
-0.163170953718
-0.17659124636766668
-0.19001153901733334
-0.20343183166700002
-0.21685212431666667
-0.23027241696633333
-0.243692709616
-0.1692679160973428
-0.18268820874700945
-0.19610850139667613
-0.20952879404634278
-0.22294908669600944
-0.2363693793456761
-0.17536487847668558
-0.18878517112635224
-0.2022054637760189
-0.21562575642568554
-0.2290460490753522
-0.18146184085602834
-0.194882133505695
-0.20830242615536168
-0.22172271880502836
-0.1875588032353711
-0.2009790958850378
-0.21439938853470447
-0.1936557656147139
-0.20707605826438058
-0.1997527279940567
0.983288593691
1.0510787582475
1.118868922804
1.1866590873605
1.254449251917
1.3222394164735
1.39002958103
0.9942995216008333
1.0620896861573335
1.1298798507138335
1.1976700152703335
1.2654601798268335
1.3332503443833335
1.0053104495106666
1.0731006140671666
1.1408907786236666
1.2086809431801666
1.2764711077366666
1.0163213774205
1.084111541977
1.1519017065335
1.21969187109
1.0273323053303334
1.0951224698868334
1.1629126344433334
1.0383432332401665
1.1061333977966665
1.04935416115
0.983288593691
1.0694071614091667
1.1555257291273335
1.2416442968455
1.3277628645636668
1.4138814322818334
1.5
1.0510787582475
1.1371973259656667
1.2233158936838335
1.3094344614020001
1.3955530291201668
1.4816715968383334
1.118868922804
1.2049874905221665
1.2911060582403335
1.3772246259585001
1.4633431936766668
1.1866590873605
1.272777655078667
1.3588962227968335
1.4450147905150001
1.254449251917
1.3405678196351667
1.4266863873533335
1.3222394164735
1.408357984191667
1.39002958103
0.983288593691
0.9392748042845
0.895261014878
0.8512472254714999
0.807233436065
0.7632196466584998
0.7192058572519998
0.9352864907391667
0.8912727013326667
0.8472589119261666
0.8032451225196666
0.7592313331131666
0.7152175437066666
0.8872843877873334
0.8432705983808333
0.7992568089743334
0.7552430195678332
0.7112292301613332
0.8392822848354999
0.795268495429
0.7512547060225
0.7072409166159999
0.7912801818836668
0.7472663924771668
0.7032526030706667
0.7432780789318334
0.6992642895253334
0.69527597598
0.69527597598
0.7498092732516667
0.8043425705233334
0.858875867795
0.9134091650666667
0.9679424623383333
1.02247575961
0.7432780789318334
0.7978113762035002
0.8523446734751667
0.9068779707468333
0.9614112680185001
1.0159445652901666
0.7912801818836668
0.8458134791553333
0.900346776427
0.9548800736986667
1.0094133709703335
0.8392822848354999
0.8938155821071667
0.9483488793788334
1.0028821766505
0.8872843877873333
0.9418176850590001
0.9963509823306667
0.9352864907391667
0.9898197880108334
0.983288593691
0.455474624485
0.49544151640083334
0.5354084083166667
0.5753753002324999
0.6153421921483333
0.6553090840641667
0.69527597598
0.49942982994616664
0.5393967218619999
0.5793636137778333
0.6193305056936667
0.6592973976095
0.6992642895253334
0.5433850354073333
0.5833519273231667
0.623318819239
0.6632857111548333
0.7032526030706666
0.5873402408684999
0.6273071327843333
0.6672740247001666
0.7072409166159999
0.6312954463296665
0.6712623382454999
0.7112292301613332
0.6752506517908332
0.7152175437066666
0.7192058572519998
0.69527597598
0.6691850745075
0.643094173035
0.6170032715625
0.59091237009
0.5648214686175
0.538730567145
0.6973283559121968
0.6712374544396968
0.6451465529671967
0.6190556514946968
0.5929647500221966
0.5668738485496967
0.6993807358443935
0.6732898343718934
0.6471989328993935
0.6211080314268934
0.5950171299543934
0.7014331157765901
0.6753422143040901
0.6492513128315902
0.6231604113590901
0.7034854957087868
0.6773945942362869
0.6513036927637869
0.7055378756409836
0.6794469741684835
0.7075902555731802
0.538730567145
0.5113901729451668
0.48404977874533334
0.45670938454550003
0.42936899034566667
0.4020285961458333
0.374688201946
0.5294712506418345
0.5021308564420012
0.4747904622421679
0.44745006804233456
0.4201096738425012
0.39276927964266783
0.5202119341386691
0.4928715399388357
0.4655311457390024
0.43819075153916903
0.4108503573393357
0.5109526176355036
0.48361222343567023
0.456271829235837
0.42893143503600356
0.5016933011323381
0.47435290693250476
0.44701251273267145
0.49243398462917265
0.4650935904293393
0.4831746681260071
0.237077058045
0.2104700569782
0.18386305591140004
0.1572560548446
0.1306490537778
0.10404205271100002
0.0774350516442
0.22530651908833335
0.19869951802153335
0.17209251695473338
0.14548551588793335
0.11887851482113335
0.09227151375433335
0.2135359801316667
0.18692897906486666
0.1603219779980667
0.13371497693126666
0.10710797586446669
0.201765441175
0.17515844010820003
0.1485514390414
0.1219444379746
0.18999490221833334
0.16338790115153334
0.13678090008473337
0.17822436326166669
0.15161736219486668
0.166453824305
0.372471155174
0.3499054723191667
0.32733978946433334
0.3047741066095
0.2822084237546667
0.25964274089983336
0.237077058045
0.3863050667258333
0.363739383871
0.3411737010161667
0.31860801816133333
0.2960423353065
0.2734766524516667
0.40013897827766665
0.3775732954228333
0.355007612568
0.33244192971316666
0.30987624685833337
0.4139728898295
0.3914072069746667
0.36884152411983334
0.346275841265
0.4278068013813333
0.4052411185265
0.3826754356716667
0.44164071293316665
0.4190750300783333
0.455474624485
0.69527597598
0.6553090840641667
0.6153421921483334
0.5753753002324999
0.5354084083166667
0.49544151640083334
0.455474624485
0.6691850745075
0.6292181825916667
0.5892512906758334
0.54928439876
0.5093175068441667
0.4693506149283333
0.643094173035
0.6031272811191666
0.5631603892033334
0.5231934972875
0.4832266053716667
0.6170032715625
0.5770363796466667
0.5370694877308334
0.497102595815
0.59091237009
0.5509454781741667
0.5109785862583334
0.5648214686175
0.5248545767016667
0.538730567145
0.455474624485
0.4420102207285
0.428545816972
0.41508141321549996
0.40161700945900003
0.3881526057025
0.374688201946
0.4693506149283333
0.45588621117183337
0.4424218074153333
0.4289574036588333
0.41549299990233335
0.4020285961458333
0.4832266053716667
0.46976220161516663
0.4562977978586667
0.44283339410216666
0.42936899034566667
0.497102595815
0.4836381920585
0.470173788302
0.45670938454550003
0.5109785862583334
0.4975141825018333
0.48404977874533334
0.5248545767016667
0.5113901729451666
0.538730567145
0.280034183999
0.27454593329849997
0.269057682598
0.2635694318975
0.25808118119699996
0.2525929304965
0.247104679796
0.2958098536568333
0.29032160295633336
0.28483335225583334
0.2793451015553333
0.27385685085483336
0.26836860015433334
0.31158552331466666
0.30609727261416664
0.3006090219136667
0.29512077121316665
0.2896325205126667
0.3273611929725
0.32187294227200003
0.3163846915715
0.310896440871
0.34313686263033333
0.3376486119298333
0.33216036122933335
0.35891253228816666
0.35342428158766664
0.374688201946
0.237077058045
0.24423657903733334
0.25139610002966667
0.258555621022
0.2657151420143333
0.27287466300666663
0.280034183999
0.2734766524516667
0.280636173444
0.28779569443633335
0.29495521542866665
0.302114736421
0.3092742574133333
0.30987624685833337
0.31703576785066667
0.324195288843
0.3313548098353333
0.33851433082766663
0.346275841265
0.3534353622573333
0.36059488324966665
0.367754404242
0.3826754356716666
0.389834956664
0.39699447765633333
0.4190750300783333
0.42623455107066666
0.455474624485
0.164274941265
0.153206724804
0.14213850834300001
0.131070291882
0.120002075421
0.10893385895999999
0.097865642499
0.16392515389616666
0.15285693743516668
0.14178872097416667
0.13072050451316666
0.11965228805216666
0.10858407159116666
0.16357536652733334
0.15250715006633334
0.14143893360533333
0.13037071714433332
0.11930250068333334
0.1632255791585
0.15215736269750002
0.1410891462365
0.1300209297755
0.16287579178966666
0.15180757532866668
0.14073935886766667
0.16252600442083331
0.15145778795983333
0.162176217052
0.247104679796
0.23329972337416668
0.21949476695233333
0.2056898105305
0.19188485410866668
0.17807989768683335
0.164274941265
0.23294993600533334
0.21914497958350002
0.2053400231616667
0.19153506673983334
0.17773011031799998
0.1639251538961667
0.21879519221466667
0.20499023579283332
0.191185279371
0.17738032294916667
0.16357536652733334
0.204640448424
0.19083549200216665
0.17703053558033333
0.1632255791585
0.19048570463333334
0.1766807482115
0.16287579178966669
0.17633096084266667
0.16252600442083334
0.162176217052
0.166453824305
0.14937906935746667
0.13230431440993334
0.11522955946239999
0.09815480451486666
0.08108004956733333
0.0640052946198
0.16609067713166667
0.14901592218413334
0.13194116723660002
0.11486641228906666
0.09779165734153333
0.080716902394
0.16572752995833334
0.1486527750108
0.1315780200632667
0.11450326511573333
0.0974285101682
0.16536438278499999
0.1482896278374667
0.13121487288993333
0.1141401179424
0.16500123561166666
0.14792648066413333
0.1308517257166
0.16463808843833333
0.1475633334908
0.164274941265
0.237077058045
0.22530651908833335
0.2135359801316667
0.201765441175
0.18999490221833334
0.17822436326166669
0.166453824305
0.24423657903733334
0.23246604008066668
0.22069550112400002
0.20892496216733333
0.19715442321066667
0.18538388425400001
0.25139610002966667
0.23962556107299998
0.22785502211633335
0.21608448315966666
0.204313944203
0.258555621022
0.24678508206533334
0.23501454310866668
0.223244004152
0.2657151420143333
0.25394460305766664
0.242174064101
0.27287466300666663
0.26110412405
0.280034183999
0.0774350516442
0.05825496462078335
0.03907487759736668
0.01989479057395
0.0007147035505333382
-0.018465383472883325
-0.0376454704963
0.07519675880680002
0.05601667178338334
0.03683658475996668
0.01765649773655
-0.001523589286866663
-0.020703676310283324
0.0729584659694
0.053778378945983335
0.03459829192256667
0.015418204899149999
-0.003761882124266664
0.07072017313199999
0.051540086108583336
0.03235999908516667
0.013179912061749996
0.0684818802946
0.049301793271183336
0.030121706247766673
0.06624358745719999
0.04706350043378333
0.0640052946198
0.280034183999
0.26110412405
0.242174064101
0.223244004152
0.204313944203
0.18538388425400001
0.166453824305
0.26074097687666664
0.24181091692766668
0.2228808569786667
0.20395079702966668
0.1850207370806667
0.1660906771316667
0.24144776975433335
0.2225177098053333
0.20358764985633337
0.18465758990733333
0.16572752995833334
0.222154562632
0.20322450268300002
0.18429444273400003
0.16536438278499999
0.20286135550966666
0.18393129556066667
0.16500123561166669
0.18356814838733335
0.16463808843833336
0.164274941265
0.0774350516442
0.104042052711
0.1306490537778
0.1572560548446
0.1838630559114
0.2104700569782
0.237077058045
0.08214742063650002
0.10875442170330002
0.13536142277010002
0.16196842383690002
0.1885754249037
0.2151824259705
0.0868597896288
0.11346679069559999
0.1400737917624
0.1666807928292
0.19328779389599998
0.09157215862109999
0.11817915968789999
0.1447861607547
0.1713931618215
0.0962845276134
0.12289152868020001
0.149498529747
0.10099689660569999
0.1276038976725
0.105709265598
0.0640052946198
0.059027208980933325
0.05404912334206667
0.049071037703199996
0.044092952064333335
0.03911486642546667
0.0341367807866
0.069648685933
0.06467060029413332
0.05969251465526666
0.0547144290164
0.049736343377533326
0.044758257738666665
0.07529207724619999
0.07031399160733331
0.06533590596846667
0.06035782032959999
0.05537973469073333
0.0809354685594
0.07595738292053333
0.07097929728166666
0.0660012116428
0.08657885987259999
0.08160077423373333
0.07662268859486666
0.09222225118579999
0.08724416554693333
0.097865642499
0.0774350516442
0.07519675880680002
0.0729584659694
0.07072017313199999
0.0684818802946
0.06624358745719999
0.0640052946198
0.09227151375433335
0.09003322091693333
0.08779492807953335
0.08555663524213333
0.08331834240473333
0.08108004956733333
0.10710797586446667
0.10486968302706667
0.10263139018966667
0.10039309735226666
0.09815480451486666
0.1219444379746
0.1197061451372
0.1174678522998
0.11522955946239999
0.13678090008473334
0.13454260724733333
0.13230431440993334
0.15161736219486668
0.14937906935746667
0.166453824305
-0.0376454704963
-0.03615288620358334
-0.034660301910866664
-0.03316771761815
-0.031675133325433334
-0.030182549032716666
-0.02868996474
-0.020703676310283338
-0.01921109201756667
-0.017718507724850004
-0.016225923432133336
-0.014733339139416667
-0.013240754846700002
-0.003761882124266671
-0.0022692978315500024
-0.0007767135388333374
0.0007158707538833312
0.0022084550465999962
0.013179912061749996
0.014672496354466665
0.016165080647183326
0.017657664939899995
0.03012170624776666
0.03161429054048333
0.03310687483319999
0.047063500433783316
0.048556084726499985
0.0640052946198
0.00211660612803
-0.0030473419842416668
-0.008211290096513333
-0.013375238208785
-0.018539186321056667
-0.023703134433328332
-0.0288670825456
-0.006858920141508333
-0.01202286825378
-0.01718681636605167
-0.022350764478323334
-0.027514712590595
-0.032678660702866666
-0.015834446411046667
-0.020998394523318333
-0.026162342635590002
-0.03132629074786167
-0.036490238860133334
-0.024809972680584998
-0.029973920792856667
-0.035137868905128336
-0.0403018170174
-0.03378549895012333
-0.038949447062395
-0.04411339517466667
-0.042761025219661665
-0.04792497333193333
-0.0517365514892
0.0341367807866
0.0236361368979
0.0131354930092
0.0026348491204999987
-0.0078657947682
-0.0183664386569
-0.0288670825456
0.02880008501017167
0.01829944112147167
0.007798797232771669
-0.0027018466559283337
-0.013202490544628333
-0.02370313443332833
0.023463389233743335
0.012962745345043332
0.0024621014563433346
-0.008038542432356669
-0.018539186321056663
0.018126693457314998
0.007626049568615
-0.002874594320084998
-0.013375238208785
0.012789997680886667
0.0022893537921866687
-0.00821129009651333
0.007453301904458335
-0.0030473419842416637
0.00211660612803
0.164274941265
0.1475633334908
0.13085172571660003
0.1141401179424
0.0974285101682
0.080716902394
0.0640052946198
0.153206724804
0.13649511702980002
0.11978350925560001
0.1030719014814
0.0863602937072
0.069648685933
0.14213850834300001
0.1254269005688
0.10871529279460002
0.09200368502039999
0.07529207724619999
0.131070291882
0.11435868410780001
0.09764707633360001
0.0809354685594
0.120002075421
0.1032904676468
0.0865788598726
0.10893385895999999
0.0922222511858
0.097865642499
-0.02868996474
-0.02871948437426667
-0.028749004008533335
-0.0287785236428
-0.028808043277066667
-0.028837562911333336
-0.0288670825456
-0.01821884048556667
-0.018248360119833336
-0.01827787975410001
-0.018307399388366667
-0.01833691902263334
-0.018366438656900005
-0.007747716231133336
-0.007777235865400002
-0.007806755499666671
-0.007836275133933337
-0.007865794768200002
0.002723408023299999
0.0026938883890333318
0.0026643687547666627
0.0026348491204999987
0.01319453227773333
0.013165012643466662
0.013135493009199993
0.02366565653216666
0.023636136897899993
0.0341367807866
0.374688201946
0.3534242815876667
0.33216036122933335
0.310896440871
0.28963252051266664
0.26836860015433334
0.247104679796
0.3598121552744979
0.33854823491616454
0.31728431455783124
0.2960203941994979
0.27475647384116453
0.25349255348283123
0.3449361086029958
0.32367218824466243
0.30240826788632913
0.2811443475279958
0.2598804271696624
0.3300600619314936
0.3087961415731603
0.287532221214827
0.26626830085649367
0.3151840152599915
0.2939200949016582
0.2726561745433249
0.3003079685884894
0.2790440482301561
0.2854319219169873
0.455474624485
0.42623455107066666
0.39699447765633333
0.367754404242
0.3385143308276667
0.30927425741333336
0.280034183999
0.4420102207285
0.41277014731416667
0.38353007389983335
0.3542900004855
0.32504992707116664
0.2958098536568333
0.428545816972
0.3993057435576666
0.37006567014333336
0.340825596729
0.31158552331466666
0.41508141321549996
0.38584133980116664
0.3566012663868333
0.3273611929725
0.40161700945900003
0.3723769360446667
0.3431368626303334
0.3881526057025
0.35891253228816666
0.374688201946
0.162176217052
0.16975993556216956
0.17734365407233915
0.1849273725825087
0.19251109109267828
0.20009480960284784
0.2076785281130174
0.17633096084266667
0.18391467935283623
0.1914983978630058
0.19908211637317538
0.20666583488334492
0.21424955339351448
0.19048570463333334
0.1980694231435029
0.20565314165367246
0.21323686016384202
0.2208205786740116
0.204640448424
0.21222416693416957
0.21980788544433916
0.2273916039545087
0.21879519221466665
0.22637891072483624
0.2339626292350058
0.23294993600533334
0.2405336545155029
0.247104679796
0.280034183999
0.26074097687666664
0.24144776975433335
0.222154562632
0.20286135550966666
0.18356814838733335
0.164274941265
0.27454593329849997
0.2552527261761667
0.23595951905383336
0.21666631193150002
0.19737310480916667
0.17807989768683335
0.269057682598
0.24976447547566666
0.23047126835333334
0.211178061231
0.19188485410866668
0.2635694318975
0.2442762247751667
0.22498301765283335
0.2056898105305
0.25808118119699996
0.23878797407466668
0.21949476695233333
0.2525929304965
0.23329972337416668
0.247104679796
0.097865642499
0.10367551332723693
0.10948538415547387
0.1152952549837108
0.12110512581194774
0.12691499664018466
0.1327248674684216
0.10858407159116666
0.1143939424194036
0.12020381324764054
0.12601368407587746
0.1318235549041144
0.13763342573235135
0.11930250068333334
0.12511237151157026
0.1309222423398072
0.13673211316804412
0.14254198399628107
0.1300209297755
0.13583080060373692
0.14164067143197387
0.14745054226021082
0.14073935886766667
0.14654922969590362
0.15235910052414053
0.1514577879598333
0.15726765878807025
0.162176217052
0.0516317632847
0.05741512853403921
0.06319849378337841
0.06898185903271761
0.07476522428205683
0.08054858953139603
0.08633195478073524
0.059337409820416666
0.06512077506975587
0.07090414031909509
0.07668750556843429
0.08247087081777349
0.08825423606711269
0.06704305635613333
0.07282642160547254
0.07860978685481174
0.08439315210415095
0.09017651735349015
0.07474870289185
0.08053206814118921
0.08631543339052841
0.09209879863986761
0.08245434942756666
0.08823771467690586
0.09402107992624507
0.09015999596328332
0.09594336121262254
0.097865642499
-0.0815302336056
-0.0550360193973
-0.028541805189000003
-0.0020475909806999953
0.0244466232276
0.05094083743589999
0.0774350516442
-0.050323650404999996
-0.023829436196700006
0.002664778011599995
0.0291589922199
0.05565320642819999
0.08214742063649999
-0.019117067204400005
0.007377147003899999
0.033871361212199996
0.0603655754205
0.08685978962879999
0.0120895159962
0.0385837302045
0.06507794441279999
0.09157215862109999
0.0432960991968
0.06979031340509999
0.09628452761339998
0.07450268239739999
0.10099689660569998
0.105709265598
-0.300672939198
-0.2641491549326
-0.2276253706672
-0.19110158640179997
-0.1545778021364
-0.118054017871
-0.0815302336056
-0.2814498077493333
-0.24492602348393333
-0.20840223921853335
-0.1718784549531333
-0.13535467068773332
-0.09883088642233334
-0.26222667630066665
-0.22570289203526664
-0.18917910776986666
-0.15265532350446664
-0.11613153923906665
-0.24300354485199993
-0.20647976058659995
-0.16995597632119996
-0.13343219205579995
-0.22378041340333327
-0.18725662913793328
-0.1507328448725333
-0.2045572819546666
-0.16803349768926662
-0.1853341505059999
-0.300672939198
-0.2807091121748333
-0.2607452851516667
-0.2407814581285
-0.22081763110533334
-0.2008538040821667
-0.180889977059
-0.2641491549326
-0.24418532790943337
-0.2242215008862667
-0.2042576738631
-0.18429384683993333
-0.1643300198167667
-0.2276253706672
-0.20766154364403333
-0.18769771662086668
-0.1677338895977
-0.14777006257453335
-0.19110158640179997
-0.17113775937863335
-0.15117393235546667
-0.1312101053323
-0.1545778021364
-0.13461397511323336
-0.1146501480900667
-0.118054017871
-0.09809019084783337
-0.0815302336056
-0.54033002324
-0.5371381751361667
-0.5339463270323334
-0.5307544789285
-0.5275626308246667
-0.5243707827208334
-0.521178934617
-0.5003871758996667
-0.49719532779583336
-0.49400347969200004
-0.4908116315881667
-0.4876197834843334
-0.48442793538050005
-0.46044432855933337
-0.4572524804555
-0.4540606323516667
-0.4508687842478334
-0.44767693614400006
-0.420501481219
-0.41730963311516667
-0.4141177850113334
-0.4109259369075
-0.3805586338786667
-0.37736678577483335
-0.3741749376710001
-0.34061578653833335
-0.3374239384345
-0.300672939198
-0.02868996474
-0.01821884048556667
-0.007747716231133336
0.002723408023299999
0.01319453227773333
0.02366565653216666
0.0341367807866
-0.013240754846700002
-0.00276963059226667
0.00770149366216666
0.0181726179166
0.028643742171033326
0.03911486642546666
0.0022084550465999962
0.01267957930103333
0.02315070355546666
0.0336218278099
0.04409295206433333
0.017657664939899995
0.02812878919433333
0.03859991344876666
0.049071037703199996
0.033106874833199997
0.04357799908763332
0.05404912334206666
0.048556084726499985
0.05902720898093332
0.0640052946198
0.0341367807866
0.03705261120295
0.039968441619299994
0.04288427203565
0.045800102451999995
0.04871593286835
0.0516317632847
0.044758257738666665
0.04767408815501666
0.05058991857136666
0.053505748987716664
0.056421579404066655
0.05933740982041666
0.05537973469073333
0.05829556510708332
0.061211395523433326
0.06412722593978332
0.06704305635613332
0.0660012116428
0.06891704205915
0.07183287247549999
0.07474870289185
0.07662268859486665
0.07953851901121665
0.08245434942756666
0.08724416554693332
0.09015999596328332
0.097865642499
0.0341367807866
0.02880008501017167
0.023463389233743335
0.018126693457314998
0.012789997680886667
0.007453301904458335
0.00211660612803
0.03705261120295
0.03171591542652166
0.026379219650093336
0.021042523873665
0.015705828097236665
0.010369132320808334
0.039968441619299994
0.03463174584287167
0.029295050066443333
0.023958354290014996
0.018621658513586666
0.04288427203565
0.037547576259221664
0.03221088048279334
0.026874184706364997
0.045800102451999995
0.04046340667557166
0.03512671089914333
0.04871593286835
0.043379237091921666
0.0516317632847
0.0516317632847
0.043379237091921666
0.035126710899143335
0.026874184706364997
0.018621658513586666
0.010369132320808336
0.00211660612803
0.04965010502960854
0.0413975788368302
0.033145052644051876
0.024892526451273534
0.016640000258495203
0.00838747406571687
0.047668446774517065
0.039415920581738734
0.031163394388960403
0.022910868196182065
0.014658342003403735
0.0456867885194256
0.03743426232664727
0.029181736133868937
0.0209292099410906
0.04370513026433413
0.0354526040715558
0.02720007787877747
0.04172347200924267
0.033470945816464336
0.0397418137541512
-0.0927936568087
-0.08213922776485
-0.07148479872100001
-0.06083036967715
-0.050175940633300005
-0.039521511589450005
-0.0288670825456
-0.08210970813058334
-0.07145527908673334
-0.06080085004288334
-0.05014642099903334
-0.03949199195518334
-0.02883756291133334
-0.07142575945246668
-0.06077133040861667
-0.050116901364766674
-0.03946247232091667
-0.02880804327706667
-0.06074181077435
-0.05008738173050001
-0.03943295268665001
-0.0287785236428
-0.050057862096233335
-0.039403433052383335
-0.028749004008533342
-0.03937391341811667
-0.028719484374266677
-0.02868996474
-0.0376454704963
-0.06151955492341667
-0.08539363935053333
-0.10926772377765001
-0.13314180820476668
-0.15701589263188334
-0.180889977059
-0.05133788686075
-0.07521197128786666
-0.09908605571498333
-0.1229601401421
-0.14683422456921666
-0.17070830899633332
-0.0650303032252
-0.08890438765231667
-0.11277847207943334
-0.13665255650655
-0.16052664093366667
-0.07872271958964999
-0.10259680401676666
-0.12647088844388332
-0.15034497287100002
-0.09241513595409999
-0.11628922038121667
-0.14016330480833333
-0.10610755231854999
-0.12998163674566665
-0.119799968683
-0.163170953718
-0.15907049603879056
-0.15497003835958112
-0.15086958068037165
-0.14676912300116218
-0.14266866532195277
-0.1385682076427433
-0.1514414042331167
-0.14734094655390723
-0.14324048887469779
-0.13914003119548832
-0.13503957351627888
-0.13093911583706944
-0.13971185474823333
-0.13561139706902386
-0.13151093938981445
-0.12741048171060498
-0.12331002403139554
-0.12798230526335
-0.12388184758414056
-0.1197813899049311
-0.11568093222572165
-0.11625275577846667
-0.11215229809925722
-0.10805184042004778
-0.10452320629358333
-0.10042274861437389
-0.0927936568087
-0.119799968683
-0.10461496802583334
-0.08942996736866668
-0.0742449667115
-0.059059966054333335
-0.043874965397166676
-0.02868996474
-0.10610755231855
-0.09092255166138334
-0.07573755100421668
-0.06055255034705
-0.04536754968988334
-0.030182549032716673
-0.0924151359541
-0.07723013529693333
-0.06204513463976667
-0.0468601339826
-0.03167513332543334
-0.07872271958964999
-0.06353771893248333
-0.048352718275316675
-0.03316771761815
-0.06503030322520001
-0.04984530256803334
-0.03466030191086668
-0.051337886860750005
-0.03615288620358334
-0.0376454704963
-0.229388449078
-0.2111237023455
-0.192858955613
-0.17459420888049998
-0.156329462148
-0.1380647154155
-0.119799968683
-0.22130537040816667
-0.2030406236756667
-0.1847758769431667
-0.16651113021066669
-0.14824638347816668
-0.12998163674566668
-0.21322229173833335
-0.19495754500583332
-0.17669279827333334
-0.15842805154083334
-0.14016330480833333
-0.2051392130685
-0.18687446633600002
-0.16860971960350002
-0.15034497287100002
-0.19705613439866668
-0.17879138766616667
-0.1605266409336667
-0.18897305572883333
-0.17070830899633335
-0.180889977059
-0.0927936568087
-0.08210970813058334
-0.07142575945246668
-0.06074181077435
-0.050057862096233335
-0.03937391341811667
-0.02868996474
-0.09729470878775
-0.08661076010963334
-0.07592681143151667
-0.06524286275340001
-0.054558914075283335
-0.04387496539716667
-0.1017957607668
-0.09111181208868332
-0.08042786341056668
-0.06974391473245001
-0.059059966054333335
-0.10629681274585
-0.09561286406773334
-0.08492891538961667
-0.0742449667115
-0.1107978647249
-0.10011391604678332
-0.08942996736866667
-0.11529891670395
-0.10461496802583334
-0.119799968683
-0.0517365514892
-0.05069302497800487
-0.04964949846680973
-0.048605971955614585
-0.047562445444419454
-0.04651891893322432
-0.04547539242202918
-0.04276102521966167
-0.04171749870846654
-0.0406739721972714
-0.03963044568607626
-0.03858691917488112
-0.03754339266368599
-0.03378549895012334
-0.032741972438928194
-0.03169844592773306
-0.030654919416537925
-0.029611392905342787
-0.024809972680584998
-0.023766446169389867
-0.02272291965819473
-0.02167939314699959
-0.01583444641104667
-0.014790919899851531
-0.013747393388656397
-0.006858920141508337
-0.005815393630313203
0.00211660612803
-0.0927936568087
-0.08595080592211667
-0.07910795503553333
-0.07226510414895
-0.06542225326236667
-0.05857940237578334
-0.0517365514892
-0.08213922776485
-0.07529637687826667
-0.06845352599168333
-0.06161067510510001
-0.05476782421851667
-0.04792497333193334
-0.07148479872100001
-0.06464194783441667
-0.05779909694783335
-0.05095624606125
-0.04411339517466667
-0.06083036967715
-0.053987518790566666
-0.04714466790398334
-0.0403018170174
-0.050175940633300005
-0.04333308974671667
-0.03649023886013335
-0.039521511589450005
-0.03267866070286668
-0.0288670825456
-0.0927936568087
-0.09243354249497449
-0.09207342818124897
-0.09171331386752346
-0.09135319955379795
-0.09099308524007242
-0.09063297092634691
-0.08595080592211667
-0.08559069160839115
-0.08523057729466564
-0.08487046298094011
-0.0845103486672146
-0.08415023435348909
-0.07910795503553333
-0.07874784072180782
-0.07838772640808231
-0.0780276120943568
-0.07766749778063128
-0.07226510414895
-0.07190498983522449
-0.07154487552149898
-0.07118476120777345
-0.06542225326236667
-0.06506213894864116
-0.06470202463491564
-0.05857940237578334
-0.058219288062057825
-0.0517365514892
-0.300672939198
-0.30662571198216665
-0.3125784847663333
-0.3185312575505
-0.32448403033466666
-0.33043680311883333
-0.336389575903
-0.2807091121748333
-0.28666188495899997
-0.2926146577431667
-0.2985674305273333
-0.3045202033115
-0.31047297609566665
-0.2607452851516667
-0.26669805793583334
-0.27265083072
-0.2786036035041667
-0.28455637628833336
-0.2407814581285
-0.24673423091266666
-0.2526870036968334
-0.258639776481
-0.22081763110533334
-0.22677040388950004
-0.2327231766736667
-0.2008538040821667
-0.20680657686633336
-0.180889977059
-0.243692709616
-0.23027241696633335
-0.21685212431666667
-0.20343183166700002
-0.19001153901733334
-0.17659124636766668
-0.163170953718
-0.241308666193
-0.22788837354333336
-0.2144680808936667
-0.20104778824400002
-0.18762749559433334
-0.17420720294466668
-0.23892462277
-0.22550433012033333
-0.21208403747066668
-0.198663744821
-0.18524345217133334
-0.236540579347
-0.22312028669733333
-0.20969999404766668
-0.196279701398
-0.234156535924
-0.22073624327433333
-0.20731595062466668
-0.231772492501
-0.21835219985133333
-0.229388449078
-1.12595122829
-1.1882926902416666
-1.2506341521933333
-1.312975614145
-1.3753170760966666
-1.4376585380483333
-1.5
-1.1882926902416666
-1.2506341521933333
-1.312975614145
-1.3753170760966666
-1.4376585380483333
-1.5
-1.2506341521933333
-1.312975614145
-1.3753170760966666
-1.4376585380483333
-1.5
-1.312975614145
-1.3753170760966666
-1.4376585380483333
-1.5
-1.3753170760966666
-1.4376585380483333
-1.5
-1.4376585380483333
-1.5
-1.5
-0.9795474602930002
-1.066289550244167
-1.1530316401953336
-1.2397737301465002
-1.3265158200976668
-1.4132579100488334
-1.5
-1.0039480882925003
-1.0906901782436669
-1.1774322681948335
-1.264174358146
-1.3509164480971667
-1.4376585380483333
-1.0283487162920002
-1.1150908062431668
-1.2018328961943334
-1.2885749861455
-1.3753170760966666
-1.0527493442915001
-1.1394914342426667
-1.2262335241938334
-1.312975614145
-1.077149972291
-1.1638920622421667
-1.2506341521933333
-1.1015506002905
-1.1882926902416666
-1.12595122829
-0.1853341505059999
-0.24450012929499992
-0.30366610808399996
-0.36283208687299995
-0.421998065662
-0.481164044451
-0.54033002324
-0.2045572819546666
-0.2637232607436666
-0.3228892395326666
-0.38205521832166667
-0.44122119711066665
-0.5003871758996666
-0.22378041340333327
-0.2829463921923333
-0.3421123709813333
-0.40127834977033333
-0.4604443285593333
-0.24300354485199993
-0.30216952364099997
-0.36133550243
-0.420501481219
-0.26222667630066665
-0.32139265508966663
-0.3805586338786667
-0.2814498077493333
-0.34061578653833335
-0.300672939198
-0.9795474602930002
-0.9413963302305002
-0.9032452001680003
-0.8650940701055001
-0.8269429400430001
-0.7887918099805
-0.750640679918
-0.9063445541175001
-0.8681934240550002
-0.8300422939925002
-0.79189116393
-0.7537400338675
-0.7155889038050001
-0.8331416479420002
-0.7949905178795
-0.7568393878170001
-0.7186882577545
-0.6805371276919999
-0.7599387417665001
-0.7217876117040001
-0.6836364816415001
-0.645485351579
-0.686735835591
-0.6485847055285001
-0.6104335754660001
-0.6135329294155001
-0.575381799353
-0.54033002324
1.39002958103
1.4083579841916667
1.4266863873533335
1.4450147905150001
1.4633431936766668
1.4816715968383334
1.5
1.3332503443833335
1.351578747545
1.3699071507066667
1.3882355538683333
1.40656395703
1.424892360191667
1.2764711077366668
1.2947995108983332
1.31312791406
1.3314563172216667
1.3497847203833333
1.21969187109
1.2380202742516668
1.2563486774133334
1.274677080575
1.1629126344433334
1.181241037605
1.1995694407666666
1.1061333977966665
1.1244618009583334
1.04935416115
1.39002958103
1.4083579841916667
1.4266863873533335
1.4450147905150001
1.4633431936766668
1.4816715968383334
1.5
1.4083579841916667
1.4266863873533335
1.4450147905150001
1.4633431936766668
1.4816715968383334
1.5000000000000002
1.4266863873533335
1.4450147905150001
1.4633431936766668
1.4816715968383334
1.5
1.4450147905150001
1.4633431936766668
1.4816715968383334
1.5
1.4633431936766668
1.4816715968383334
1.5
1.4816715968383334
1.5000000000000002
1.5
0.7192058572519998
0.7632196466585
0.807233436065
0.8512472254714999
0.8952610148779999
0.9392748042844999
0.983288593691
0.7742305745683332
0.8182443639748332
0.8622581533813333
0.9062719427878333
0.9502857321943333
0.9942995216008333
0.8292552918846665
0.8732690812911665
0.9172828706976666
0.9612966601041666
1.0053104495106666
0.8842800092009999
0.9282937986074999
0.972307588014
1.0163213774205
0.9393047265173332
0.9833185159238333
1.0273323053303334
0.9943294438336665
1.0383432332401665
1.04935416115
0.372471155174
0.3863050667258333
0.40013897827766665
0.4139728898295
0.4278068013813333
0.44164071293316665
0.455474624485
0.43026027218699997
0.4440941837388333
0.45792809529066664
0.47176200684249997
0.4855959183943333
0.49942982994616664
0.48804938919999996
0.5018833007518333
0.5157172123036666
0.5295511238555
0.5433850354073333
0.5458385062129999
0.5596724177648332
0.5735063293166666
0.5873402408684999
0.6036276232259998
0.6174615347778332
0.6312954463296665
0.6614167402389998
0.6752506517908332
0.7192058572519998
0.372471155174
0.32801084024466665
0.28355052531533337
0.23909021038599998
0.19462989545666667
0.15016958052733334
0.105709265598
0.3499054723191667
0.30544515738983335
0.2609848424605
0.21652452753116666
0.17206421260183333
0.12760389767250002
0.32733978946433334
0.282879474535
0.23841915960566668
0.19395884467633334
0.149498529747
0.3047741066095
0.26031379168016666
0.21585347675083336
0.1713931618215
0.2822084237546667
0.23774810882533337
0.19328779389600004
0.25964274089983336
0.21518242597050002
0.237077058045
-0.1853341505059999
-0.16803349768926662
-0.1507328448725333
-0.13343219205579995
-0.11613153923906663
-0.09883088642233333
-0.0815302336056
-0.1368269144886666
-0.11952626167193328
-0.10222560885519996
-0.08492495603846664
-0.06762430322173332
-0.05032365040500001
-0.08831967847133329
-0.07101902565459996
-0.05371837283786665
-0.03641772002113332
-0.019117067204400005
-0.03981244245399996
-0.022511789637266653
-0.005211136820533334
0.0120895159962
0.008694793563333351
0.025995446380066664
0.04329609919679998
0.057202029580666655
0.07450268239739996
0.105709265598
-0.9442705059300001
-0.9745506263233334
-1.0048307467166668
-1.03511086711
-1.0653909875033334
-1.0956711078966666
-1.12595122829
-1.0368920882750001
-1.0671722086683335
-1.097452329061667
-1.127732449455
-1.1580125698483332
-1.1882926902416666
-1.1295136706200002
-1.1597937910133334
-1.1900739114066667
-1.2203540318
-1.2506341521933333
-1.222135252965
-1.2524153733583334
-1.2826954937516666
-1.312975614145
-1.31475683531
-1.3450369557033333
-1.3753170760966666
-1.4073784176550002
-1.4376585380483333
-1.5
-0.6553335733239616
-0.653495999086468
-0.6516584248489745
-0.6498208506114809
-0.6479832763739872
-0.6461457021364937
-0.644308127899
-0.7034897287583013
-0.7016521545208079
-0.6998145802833142
-0.6979770060458206
-0.6961394318083269
-0.6943018575708333
-0.7516458841926411
-0.7498083099551475
-0.7479707357176539
-0.7461331614801603
-0.7442955872426666
-0.7998020396269808
-0.7979644653894873
-0.7961268911519936
-0.7942893169145
-0.8479581950613205
-0.846120620823827
-0.8442830465863334
-0.8961143504956604
-0.8942767762581667
-0.9442705059300001
-0.346439998184
-0.3692442698637324
-0.3920485415434648
-0.4148528132231971
-0.4376570849029295
-0.46046135658266185
-0.4832656282623942
-0.34973007160757663
-0.37253434328730906
-0.3953386149670414
-0.41814288664677374
-0.4409471583265061
-0.46375143000623853
-0.3530201450311533
-0.3758244167108856
-0.39862868839061805
-0.42143296007035036
-0.4442372317500828
-0.35631021845473
-0.37911449013446236
-0.4019187618141947
-0.42472303349392704
-0.3596002918783066
-0.382404563558039
-0.40520883523777135
-0.36289036530188323
-0.38569463698161566
-0.3661804387254599
-0.1997527279940567
-0.20707605826438058
-0.21439938853470447
-0.22172271880502836
-0.22904604907535223
-0.23636937934567612
-0.243692709616
-0.21092907261166635
-0.21825240288199024
-0.22557573315231413
-0.23289906342263803
-0.2402223936929619
-0.24754572396328578
-0.22210541722927601
-0.22942874749959988
-0.2367520777699238
-0.24407540804024766
-0.2513987383105715
-0.23328176184688565
-0.24060509211720954
-0.24792842238753343
-0.2552517526578573
-0.2444581064644953
-0.25178143673481923
-0.25910476700514307
-0.2556344510821049
-0.2629577813524288
-0.2668107956997146
-0.6553335733239616
-0.626655582480367
-0.5979775916367726
-0.5692996007931779
-0.5406216099495833
-0.5119436191059888
-0.4832656282623942
-0.6251084930228014
-0.5964305021792068
-0.5677525113356122
-0.5390745204920177
-0.5103965296484231
-0.48171853880482857
-0.5948834127216411
-0.5662054218780466
-0.537527431034452
-0.5088494401908574
-0.48017144934726286
-0.5646583324204808
-0.5359803415768862
-0.5073023507332917
-0.4786243598896971
-0.5344332521193206
-0.505755261275726
-0.4770772704321315
-0.5042081718181602
-0.47553018097456573
-0.473983091517
-0.3661804387254599
-0.34961883155450235
-0.33305722438354485
-0.31649561721258723
-0.29993401004162973
-0.28337240287067217
-0.2668107956997146
-0.3628903653018833
-0.3463287581309258
-0.3297671509599682
-0.31320554378901067
-0.29664393661805305
-0.2800823294470955
-0.35960029187830667
-0.34303868470734905
-0.32647707753639155
-0.309915470365434
-0.2933538631944764
-0.35631021845473
-0.33974861128377243
-0.32318700411281487
-0.3066253969418573
-0.3530201450311533
-0.33645853786019575
-0.31989693068923825
-0.3497300716075767
-0.3331684644366191
-0.346439998184
1.02247575961
1.1020631330083335
1.1816505064066667
1.261237879805
1.3408252532033333
1.4204126266016668
1.5
1.0159445652901666
1.0955319386885
1.1751193120868335
1.2547066854851667
1.3342940588835002
1.4138814322818334
1.0094133709703335
1.0890007443686667
1.1685881177670001
1.2481754911653333
1.3277628645636668
1.0028821766505
1.0824695500488333
1.1620569234471667
1.2416442968455
0.9963509823306667
1.075938355729
1.1555257291273335
0.9898197880108334
1.0694071614091667
0.983288593691
0.7075902555731802
0.7600711729126503
0.8125520902521202
0.8650330075915902
0.9175139249310601
0.96999484227053
1.02247575961
0.7055378756409836
0.7580187929804536
0.8104997103199235
0.8629806276593934
0.9154615449988635
0.9679424623383334
0.7034854957087868
0.7559664130482568
0.8084473303877269
0.8609282477271968
0.9134091650666667
0.7014331157765901
0.7539140331160601
0.8063949504555301
0.858875867795
0.6993807358443934
0.7518616531838634
0.8043425705233334
0.6973283559121968
0.7498092732516668
0.69527597598
0.538730567145
0.5294712506418345
0.5202119341386691
0.5109526176355036
0.5016933011323381
0.49243398462917265
0.4831746681260071
0.5668738485496967
0.5576145320465313
0.5483552155433657
0.5390958990402003
0.5298365825370348
0.5205772660338693
0.5950171299543934
0.5857578134512279
0.5764984969480624
0.567239180444897
0.5579798639417315
0.6231604113590901
0.6139010948559247
0.6046417783527591
0.5953824618495936
0.6513036927637869
0.6420443762606214
0.6327850597574559
0.6794469741684835
0.6701876576653181
0.7075902555731802
0.3658819673649539
0.38543075082512945
0.404979534285305
0.4245283177454805
0.444077101205656
0.4636258846658316
0.4831746681260071
0.36734967312846156
0.38689845658863714
0.40644724004881266
0.4259960235089882
0.4455448069691637
0.4650935904293393
0.36881737889196925
0.3883661623521448
0.40791494581232035
0.4274637292724959
0.4470125127326714
0.37028508465547694
0.38983386811565246
0.40938265157582804
0.42893143503600356
0.3717527904189846
0.3913015738791602
0.4108503573393357
0.3732204961824923
0.39276927964266783
0.374688201946
0.374688201946
0.3598121552744979
0.3449361086029958
0.3300600619314936
0.3151840152599915
0.3003079685884894
0.2854319219169873
0.3732204961824923
0.3583444495109902
0.3434684028394881
0.328592356167986
0.3137163094964839
0.2988402628249817
0.3717527904189846
0.3568767437474825
0.3420006970759804
0.32712465040447825
0.3122486037329762
0.37028508465547694
0.35540903798397483
0.3405329913124727
0.3256569446409706
0.36881737889196925
0.35394133222046714
0.33906528554896503
0.36734967312846156
0.35247362645695945
0.3658819673649539
0.162176217052
0.15726765878807028
0.15235910052414053
0.14745054226021082
0.14254198399628107
0.13763342573235135
0.1327248674684216
0.16975993556216956
0.16485137729823984
0.1599428190343101
0.15503426077038038
0.15012570250645063
0.1452171442425209
0.17734365407233915
0.17243509580840938
0.16752653754447966
0.16261797928054994
0.15770942101662022
0.1849273725825087
0.18001881431857897
0.17511025605464925
0.1702016977907195
0.19251109109267828
0.18760253282874853
0.1826939745648188
0.20009480960284784
0.1951862513389181
0.2076785281130174
0.0397418137541512
0.033470945816464336
0.02720007787877747
0.0209292099410906
0.014658342003403735
0.00838747406571687
0.00211660612803
0.03248546513899469
0.026214597201307824
0.01994372926362096
0.013672861325934088
0.007401993388247222
0.0011311254505603566
0.025229116523838177
0.01895824858615131
0.012687380648464443
0.006416512710777575
0.0001456447730907094
0.017972767908681662
0.011701899970994797
0.005431032033307932
-0.0008398359043789391
0.01071641929352515
0.004445551355838285
-0.0018253165818485808
0.0034600706783686386
-0.002810797259318227
-0.003796277936787878
0.247104679796
0.2405336545155029
0.23396262923500583
0.2273916039545087
0.22082057867401161
0.2142495533935145
0.2076785281130174
0.25349255348283123
0.24692152820233412
0.24035050292183704
0.23377947764133994
0.2272084523608428
0.22063742708034573
0.2598804271696624
0.25330940188916534
0.24673837660866826
0.24016735132817113
0.23359632604767402
0.26626830085649367
0.25969727557599653
0.25312625029549946
0.24655522501500235
0.27265617454332486
0.2660851492628278
0.2595141239823307
0.27904404823015605
0.27247302294965897
0.2854319219169873
0.08633195478073524
0.09406410689534964
0.10179625900996403
0.10952841112457842
0.11726056323919282
0.12499271535380721
0.1327248674684216
0.0882542360671127
0.0959863881817271
0.10371854029634149
0.11145069241095588
0.11918284452557028
0.12691499664018469
0.09017651735349017
0.09790866946810454
0.10564082158271895
0.11337297369733335
0.12110512581194773
0.09209879863986761
0.099830950754482
0.1075631028690964
0.1152952549837108
0.09402107992624507
0.10175323204085947
0.10948538415547386
0.09594336121262254
0.10367551332723693
0.097865642499
-0.09063297092634691
-0.08310670784229396
-0.07558044475824101
-0.06805418167418804
-0.060527918590135094
-0.053001655506082136
-0.04547539242202918
-0.08415023435348909
-0.07662397126943614
-0.06909770818538319
-0.061571445101330224
-0.054045182017277274
-0.046518918933224324
-0.07766749778063128
-0.07014123469657832
-0.06261497161252537
-0.05508870852847241
-0.047562445444419454
-0.07118476120777345
-0.0636584981237205
-0.05613223503966755
-0.048605971955614585
-0.06470202463491564
-0.05717576155086269
-0.04964949846680974
-0.05821928806205782
-0.05069302497800487
-0.0517365514892
0.0516317632847
0.04965010502960854
0.047668446774517065
0.0456867885194256
0.04370513026433413
0.04172347200924267
0.0397418137541512
0.05741512853403921
0.05543347027894774
0.05345181202385628
0.051470153768764806
0.04948849551367333
0.047506837258581874
0.06319849378337841
0.061216835528286946
0.05923517727319548
0.057253519018104014
0.05527186076301255
0.06898185903271761
0.06700020077762615
0.0650185425225347
0.06303688426744322
0.07476522428205683
0.07278356602696537
0.0708019077718739
0.08054858953139603
0.07856693127630457
0.08633195478073524
-0.04547539242202918
-0.03852887334115564
-0.03158235426028208
-0.024635835179408528
-0.01768931609853498
-0.010742797017661431
-0.003796277936787878
-0.03754339266368599
-0.030596873582812434
-0.023650354501938885
-0.016703835421065332
-0.009757316340191783
-0.002810797259318235
-0.029611392905342787
-0.022664873824469235
-0.01571835474359569
-0.008771835662722136
-0.001825316581848588
-0.02167939314699959
-0.01473287406612604
-0.007786354985252493
-0.0008398359043789391
-0.013747393388656394
-0.006800874307782847
0.00014564477309070224
-0.0058153936303131995
0.0011311254505603483
0.00211660612803
-0.1385682076427433
-0.14266866532195277
-0.1467691230011622
-0.15086958068037165
-0.1549700383595811
-0.15907049603879056
-0.163170953718
-0.14876562770129553
-0.15286608538050497
-0.15696654305971444
-0.16106700073892388
-0.16516745841813332
-0.16926791609734276
-0.15896304775984776
-0.1630635054390572
-0.16716396311826667
-0.1712644207974761
-0.17536487847668558
-0.1691604678184
-0.17326092549760946
-0.1773613831768189
-0.18146184085602834
-0.17935788787695223
-0.1834583455561617
-0.18755880323537114
-0.18955530793550446
-0.1936557656147139
-0.1997527279940567
-0.1385682076427433
-0.13057900152334392
-0.1225897954039445
-0.11460058928454511
-0.1066113831651457
-0.0986221770457463
-0.09063297092634691
-0.13093911583706944
-0.12294990971767002
-0.11496070359827062
-0.10697149747887122
-0.09898229135947183
-0.09099308524007242
-0.12331002403139554
-0.11532081791199614
-0.10733161179259676
-0.09934240567319733
-0.09135319955379795
-0.11568093222572165
-0.10769172610632224
-0.09970251998692287
-0.09171331386752346
-0.10805184042004776
-0.10006263430064838
-0.09207342818124897
-0.10042274861437389
-0.09243354249497449
-0.0927936568087
