0.391769113014
0.32647426084717057
0.2611794086803411
0.19588455651351164
0.13058970434668218
0.06529485217985274
1.302324266974535e-11
0.35685315121000005
0.2915582990431706
0.22626344687634115
0.16096859470951164
0.09567374254268218
0.030378890375852733
0.321937189406
0.25664233723917057
0.19134748507234112
0.12605263290551164
0.06075778073868218
0.287021227602
0.22172637543517054
0.15643152326834112
0.09113667110151162
0.252105265798
0.18681041363117057
0.12151556146434112
0.217189303994
0.15189445182717057
0.18227334219
0.391769113014
0.4021485954841667
0.4125280779543333
0.4229075604245
0.4332870428946667
0.44366652536483336
0.454046007835
0.4598075941783334
0.4701870766485
0.48056655911866675
0.49094604158883337
0.501325524059
0.5117050065291667
0.5278460753426667
0.5382255578128333
0.5486050402830001
0.5589845227531667
0.5693640052233333
0.595884556507
0.6062640389771667
0.6166435214473334
0.6270230039175
0.6639230376713333
0.6743025201415
0.6846820026116667
0.7319615188356666
0.7423410013058334
0.8
1.358467383346693e-06
0.030443852548319453
0.06088634662925556
0.09132884071019166
0.12177133479112777
0.1522138288720639
0.182656322953
0.030380022421152786
0.06082251650208889
0.091265010583025
0.1217075046639611
0.1521499987448972
0.1825924928258333
0.060758686374922224
0.09120118045585833
0.12164367453679445
0.15208616861773055
0.18252866269866666
0.09113735032869166
0.12157984440962777
0.15202233849056387
0.18246483257149998
0.1215160142824611
0.15195850836339722
0.18240100244433333
0.15189467823623054
0.18233717231716665
0.18227334219
0.454046007835
0.40875056356083334
0.3634551192866667
0.3181596750125
0.2728642307383333
0.22756878646416667
0.18227334219
0.408814393688
0.3635189494138334
0.31822350513966674
0.27292806086550003
0.22763261659133335
0.18233717231716667
0.36358277954100005
0.31828733526683334
0.2729918909926667
0.2276964467185
0.18240100244433335
0.318351165394
0.27305572111983334
0.2277602768456667
0.18246483257149998
0.273119551247
0.22782410697283334
0.1825286626986667
0.22788793710000002
0.18259249282583337
0.182656322953
0.125609587338
0.1351173766071667
0.14462516587633334
0.15413295514550002
0.16364074441466667
0.17314853368383332
0.182656322953
0.10470499766548806
0.11421278693465473
0.12372057620382139
0.13322836547298805
0.1427361547421547
0.15224394401132135
0.08380040799297611
0.09330819726214276
0.10281598653130944
0.11232377580047609
0.12183156506964277
0.06289581832046415
0.07240360758963081
0.08191139685879749
0.09141918612796414
0.0419912286479522
0.05149901791711886
0.06100680718628553
0.021086638975440247
0.030594428244606914
0.0001820493029282821
0.225875404662
0.2226259811565
0.21937655765100003
0.2161271341455
0.21287771064
0.2096282871345
0.206378863629
0.20801130282383334
0.20476187931833337
0.20151245581283336
0.19826303230733336
0.19501360880183335
0.19176418529633332
0.1901472009856667
0.18689777748016667
0.1836483539746667
0.18039893046916666
0.17714950696366666
0.1722830991475
0.169033675642
0.1657842521365
0.162534828631
0.15441899730933334
0.15116957380383333
0.14792015029833336
0.13655489547116667
0.13330547196566667
0.118690793633
0.106984329751
0.11008853934883334
0.11319274894666667
0.1162969585445
0.11940116814233334
0.12250537774016668
0.125609587338
0.09091078271225725
0.09401499231009058
0.09711920190792392
0.10022341150575725
0.10332762110359059
0.10643183070142392
0.07483723567351451
0.07794144527134783
0.08104565486918118
0.08414986446701452
0.08725407406484784
0.058763688634771744
0.06186789823260508
0.06497210783043843
0.06807631742827175
0.042690141596029
0.04579435119386233
0.048898560791695675
0.026616594557286252
0.029720804155119587
0.01054304751854349
0.206378863629
0.1929173175805
0.179455771532
0.1659942254835
0.152532679435
0.1390711333865
0.125609587338
0.18981310798266665
0.17635156193416668
0.16289001588566668
0.14942846983716668
0.13596692378866668
0.12250537774016668
0.17324735233633334
0.15978580628783332
0.14632426023933334
0.13286271419083334
0.11940116814233334
0.15668159668999998
0.1432200506415
0.12975850459300003
0.1162969585445
0.14011584104366667
0.12665429499516667
0.11319274894666669
0.12355008539733334
0.11008853934883335
0.106984329751
0.127998196978
0.14431106492533335
0.16062393287266669
0.17693680082000002
0.19324966876733335
0.20956253671466665
0.225875404662
0.12644696308716669
0.14275983103450002
0.15907269898183335
0.17538556692916668
0.1916984348765
0.20801130282383332
0.12489572919633334
0.14120859714366668
0.157521465091
0.17383433303833334
0.19014720098566668
0.1233444953055
0.13965736325283334
0.15597023120016668
0.1722830991475
0.12179326141466668
0.138106129362
0.15441899730933334
0.12024202752383333
0.13655489547116667
0.118690793633
0.300914126052
0.271696702933
0.24247927981400003
0.21326185669500003
0.18404443357600003
0.15482701045700004
0.125609587338
0.2851582489815
0.2559408258625
0.22672340274350003
0.19750597962450003
0.1682885565055
0.1390711333865
0.269402371911
0.240184948792
0.21096752567300003
0.181750102554
0.152532679435
0.2536464948405
0.2244290717215
0.1952116486025
0.1659942254835
0.23789061777
0.20867319465100004
0.17945577153200004
0.22213474069949998
0.1929173175805
0.206378863629
0.35117601112
0.34279903027533337
0.3344220494306667
0.326045068586
0.31766808774133337
0.30929110689666667
0.300914126052
0.32704315320483335
0.3186661723601667
0.31028919151550005
0.3019122106708334
0.29353522982616664
0.2851582489815
0.30291029528966673
0.29453331444499997
0.2861563336003334
0.2777793527556667
0.269402371911
0.2787774373745
0.27040045652983336
0.2620234756851667
0.2536464948405
0.25464457945933333
0.24626759861466668
0.23789061777000003
0.23051172154416666
0.2221347406995
0.206378863629
0.476377728036
0.48713990832883336
0.4979020886216667
0.5086642689145
0.5194264492073334
0.5301886295001667
0.540950809793
0.4538320206826667
0.4645942009755
0.4753563812683334
0.48611856156116673
0.49688074185400005
0.5076429221468334
0.4312863133293333
0.44204849362216664
0.452810673915
0.46357285420783334
0.47433503450066666
0.408740605976
0.4195027862688333
0.4302649665616667
0.4410271468545
0.38619489862266665
0.39695707891550003
0.4077192592083334
0.3636491912693333
0.3744113715621667
0.341103483916
0.530974819339
0.518153350755
0.505331882171
0.492510413587
0.47968894500299997
0.466867476419
0.454046007835
0.4926313704578334
0.4798099018738334
0.46698843328983336
0.45416696470583334
0.4413454961218333
0.42852402753783336
0.4542879215766667
0.4414664529926667
0.4286449844086667
0.41582351582466665
0.4030020472406667
0.41594447269550006
0.40312300411150004
0.3903015355275
0.3774800669435
0.37760102381433336
0.36477955523033334
0.3519580866463334
0.33925757493316666
0.3264361063491667
0.300914126052
0.341103483916
0.3744113715621667
0.40771925920833335
0.4410271468545
0.4743350345006667
0.5076429221468334
0.540950809793
0.34278223845
0.37609012609616665
0.4093980137423334
0.4427059013885001
0.47601378903466673
0.5093216766808334
0.344460992984
0.37776888063016667
0.4110767682763334
0.44438465592250004
0.4776925435686667
0.34613974751800003
0.3794476351641667
0.41275552281033334
0.4460634104565
0.34781850205200004
0.3811263896981667
0.41443427734433336
0.349497256586
0.3828051442321667
0.35117601112
0.454046007835
0.408814393688
0.36358277954100005
0.318351165394
0.273119551247
0.22788793710000002
0.182656322953
0.4285240275378333
0.38329241339083336
0.33806079924383337
0.29282918509683337
0.24759757094983334
0.20236595680283334
0.4030020472406667
0.35777043309366663
0.3125388189466667
0.2673072047996667
0.2220755906526667
0.3774800669435
0.33224845279650006
0.2870168386495
0.2417852245025
0.3519580866463333
0.3067264724993334
0.2614948583523334
0.32643610634916664
0.2812044922021667
0.300914126052
0.300914126052
0.2812044922021667
0.2614948583523334
0.2417852245025
0.2220755906526667
0.20236595680283334
0.182656322953
0.271696702933
0.2519870690831667
0.23227743523333336
0.2125678013835
0.19285816753366666
0.17314853368383334
0.24247927981400003
0.22276964596416668
0.20306001211433336
0.1833503782645
0.16364074441466667
0.21326185669500003
0.1935522228451667
0.17384258899533336
0.15413295514550002
0.18404443357600003
0.1643347997261667
0.14462516587633337
0.15482701045700004
0.1351173766071667
0.125609587338
0.391769113014
0.3907331465435
0.389697180073
0.3886612136025
0.387625247132
0.3865892806615
0.385553314191
0.32647426084717057
0.32543829437667054
0.3244023279061706
0.32336636143567055
0.3223303949651705
0.32129442849467055
0.2611794086803411
0.2601434422098411
0.2591074757393411
0.2580715092688411
0.25703554279834107
0.19588455651351164
0.19484859004301164
0.19381262357251167
0.1927766571020116
0.13058970434668218
0.12955373787618218
0.1285177714056822
0.06529485217985274
0.06425888570935274
1.302324266974535e-11
0.454046007835
0.4436665253648333
0.4332870428946667
0.4229075604245
0.4125280779543333
0.4021485954841667
0.391769113014
0.40875056356083334
0.3983710810906667
0.3879915986205001
0.37761211615033335
0.3672326336801667
0.35685315121000005
0.3634551192866667
0.35307563681649995
0.3426961543463333
0.3323166718761667
0.32193718940599997
0.3181596750125
0.30778019254233335
0.2974007100721667
0.287021227602
0.2728642307383333
0.2624847482681667
0.252105265798
0.22756878646416667
0.21718930399400002
0.18227334219
0.8000000000000002
0.7309255523651669
0.6618511047303335
0.5927766570955001
0.5237022094606667
0.45462776182583337
0.385553314191
0.7319615188356668
0.6628870712008336
0.5938126235660002
0.5247381759311668
0.4556637282963334
0.3865892806615
0.6639230376713335
0.5948485900365
0.5257741424016668
0.45669969476683336
0.38762524713200003
0.5958845565070001
0.5268101088721667
0.45773566123733345
0.3886612136025
0.5278460753426668
0.4587716277078334
0.389697180073
0.4598075941783334
0.39073314654350005
0.391769113014
0.118690793633
0.11673971631933333
0.11478863900566669
0.112837561692
0.11088648437833334
0.10893540706466667
0.106984329751
0.10275055681432706
0.1007994795006604
0.09884840218699374
0.09689732487332707
0.0949462475596604
0.09299517024599373
0.08681031999565414
0.08485924268198744
0.0829081653683208
0.08095708805465412
0.07900601074098745
0.07087008317698118
0.06891900586331452
0.06696792854964785
0.06501685123598118
0.05492984635830824
0.05297876904464158
0.05102769173097491
0.0389896095396353
0.03703853222596864
0.02304937272096235
0.404981981902
0.45306818602783333
0.5011543901536667
0.5492405942795
0.5973267984053334
0.6454130025311667
0.693499206657
0.47081831825166665
0.5189045223775001
0.5669907265033334
0.6150769306291667
0.663163134755
0.7112493388808333
0.5366546546013333
0.5847408587271667
0.632827062853
0.6809132669788334
0.7289994711046667
0.602490990951
0.6505771950768333
0.6986633992026667
0.7467496033285
0.6683273273006667
0.7164135314265
0.7644997355523334
0.7341636636503334
0.7822498677761667
0.8
0.404981981902
0.33748498491833334
0.2699879879346667
0.202490990951
0.13499399396733336
0.0674969969836667
2.32710195109e-26
0.45306818602783333
0.3855711890441667
0.3180741920605001
0.25057719507683335
0.1830801980931667
0.11558320110950003
0.5011543901536667
0.43365739317
0.3661603961863334
0.2986633992026667
0.23116640221900003
0.5492405942795
0.4817435972958334
0.4142466003121667
0.3467496033285
0.5973267984053334
0.5298298014216667
0.46233280443800007
0.6454130025311667
0.5779160055475
0.693499206657
0.404981981902
0.47081831825166665
0.5366546546013333
0.602490990951
0.6683273273006667
0.7341636636503334
0.8
0.39158584671
0.4574221830596667
0.5232585194093333
0.589094855759
0.6549311921086667
0.7207675284583333
0.37818971151800007
0.44402604786766664
0.5098623842173334
0.575698720567
0.6415350569166667
0.364793576326
0.43062991267566664
0.4964662490253333
0.562302585375
0.351397441134
0.4172337774836667
0.48307011383333337
0.338001305942
0.40383764229166674
0.32460517075
0.32460517075
0.27050430895837974
0.2164034471667595
0.1623025853751392
0.10820172358351896
0.054100861791898686
2.783963955175791e-13
0.338001305942
0.2839004441503798
0.22979958235875947
0.1756987205671392
0.12159785877551894
0.06749699698389869
0.35139744113400007
0.29729657934237974
0.2431957175507595
0.1890948557591392
0.13499399396751896
0.364793576326
0.31069271453437974
0.25659185274275953
0.2024909909511392
0.378189711518
0.32408884972637975
0.2699879879347595
0.39158584671
0.3374849849183798
0.404981981902
0.447082059401
0.42666924462583333
0.4062564298506667
0.3858436150755
0.36543080030033337
0.3450179855251667
0.32460517075
0.5059017161675
0.48548890139233336
0.4650760866171667
0.44466327184200005
0.4242504570668333
0.40383764229166674
0.564721372934
0.5443085581588334
0.5238957433836666
0.5034829286085001
0.4830701138333333
0.6235410297005
0.6031282149253334
0.5827154001501667
0.562302585375
0.682360686467
0.6619478716918333
0.6415350569166667
0.7411803432335
0.7207675284583334
0.8
0.32460517075
0.2974731452698333
0.2703411197896667
0.2432090943095
0.21607706882933334
0.18894504334916667
0.161813017869
0.2705043471159177
0.24337232163575107
0.21624029615558438
0.18910827067541772
0.16197624519525103
0.13484421971508437
0.21640352348183545
0.18927149800166873
0.1621394725215021
0.1350074470413354
0.10787542156116874
0.1623026998477531
0.13517067436758645
0.10803864888741979
0.0809066234072531
0.10820187621367083
0.08106985073350417
0.053937825253337505
0.05410105257958854
0.026969027099421877
2.289455062159688e-07
0.161813017869
0.15859961350666665
0.15538620914433332
0.152172804782
0.14895940041966665
0.14574599605733332
0.142532591695
0.13487458985219364
0.1316611854898603
0.12844778112752697
0.12523437676519364
0.12202097240286029
0.11880756804052697
0.1079361618353873
0.10472275747305394
0.10150935311072064
0.09829594874838729
0.09508254438605396
0.08099773381858093
0.0777843294562476
0.07457092509391426
0.07135752073158093
0.054059305801774586
0.05084590143944125
0.04763249707710793
0.027120877784968238
0.023907473422634908
0.0001824497681618745
0.542104893403
0.5311503658418334
0.5201958382806667
0.5092413107195
0.4982867831583333
0.4873322555971667
0.476377728036
0.5098248142205001
0.4988702866593334
0.4879157590981667
0.476961231537
0.4660067039758333
0.45505217641466666
0.4775447350380001
0.46659020747683333
0.45563567991566667
0.4446811523545
0.43372662479333335
0.4452646558555
0.43431012829433335
0.4233556007331667
0.412401073172
0.41298457667300004
0.4020300491118333
0.39107552155066666
0.3807044974905
0.3697499699293333
0.348424418308
0.8
0.7570174822338334
0.7140349644676668
0.6710524467015
0.6280699289353334
0.5850874111691667
0.542104893403
0.7411803432335
0.6981978254673333
0.6552153077011669
0.612232789935
0.5692502721688335
0.5262677544026667
0.6823606864670001
0.6393781687008333
0.5963956509346668
0.5534131331685
0.5104306154023335
0.6235410297005
0.5805585119343334
0.5375759941681668
0.494593476402
0.564721372934
0.5217388551678334
0.4787563374016668
0.5059017161675
0.46291919840133333
0.447082059401
0.32460517075
0.34501798552516666
0.36543080030033337
0.3858436150755
0.4062564298506667
0.4266692446258333
0.447082059401
0.2974731452698333
0.317885960045
0.3382987748201667
0.35871158959533334
0.3791244043705
0.3995372191456666
0.2703411197896667
0.29075393456483334
0.31116674934
0.33157956411516665
0.3519923788903333
0.2432090943095
0.26362190908466665
0.2840347238598333
0.30444753863499996
0.21607706882933334
0.2364898836045
0.25690269837966667
0.18894504334916667
0.20935785812433333
0.161813017869
0.447082059401
0.39632381478333334
0.3455655701656667
0.294807325548
0.24404908093033334
0.1932908363126667
0.142532591695
0.39953721914566664
0.34877897452800005
0.29802072991033335
0.24726248529266667
0.196504240675
0.14574599605733335
0.35199237889033336
0.30123413427266665
0.250475889655
0.1997176450373333
0.14895940041966665
0.30444753863499996
0.2536892940173333
0.20293104939966666
0.152172804782
0.25690269837966667
0.206144453762
0.15538620914433335
0.20935785812433333
0.15859961350666668
0.161813017869
0.289207052241
0.2627618841175
0.23631671599400003
0.2098715478705
0.18342637974700002
0.1569812116235
0.1305360435
0.2647613088166667
0.23831614069316667
0.2118709725696667
0.18542580444616666
0.15898063632266668
0.13253546819916667
0.24031556539233334
0.21387039726883333
0.18742522914533333
0.16098006102183332
0.13453489289833334
0.215869821968
0.18942465384450002
0.16297948572100002
0.1365343175975
0.19142407854366666
0.16497891042016666
0.13853374229666668
0.16697833511933335
0.14053316699583335
0.142532591695
0.542104893403
0.4999552532093334
0.45780561301566675
0.41565597282200006
0.3735063326283334
0.3313566924346667
0.289207052241
0.5262677544026667
0.4841181142090001
0.4419684740153334
0.3998188338216667
0.35766919362800004
0.31551955343433336
0.5104306154023335
0.4682809752086667
0.42613133501500006
0.3839816948213334
0.3418320546276667
0.494593476402
0.4524438362083334
0.4102941960146667
0.36814455582100003
0.4787563374016667
0.43660669720800005
0.39445705701433337
0.46291919840133333
0.42076955820766665
0.447082059401
0.211471865991
0.20048421768866667
0.18949656938633336
0.17850892108400002
0.16752127278166667
0.15653362447933333
0.145545976177
0.1948158919975
0.1838282436951667
0.17284059539283336
0.16185294709050002
0.15086529878816668
0.13987765048583334
0.17815991800400002
0.16717226970166668
0.15618462139933337
0.145196973097
0.13420932479466668
0.1615039440105
0.1505162957081667
0.13952864740583334
0.1285409991035
0.144847970017
0.13386032171466666
0.12287267341233335
0.1281919960235
0.11720434772116668
0.11153602203
0.1305360435
0.1440253472485
0.15751465099700002
0.1710039547455
0.184493258494
0.19798256224250002
0.211471865991
0.127369373255
0.14085867700350002
0.154347980752
0.1678372845005
0.181326588249
0.1948158919975
0.12420270301000001
0.1376920067585
0.151181310507
0.1646706142555
0.178159918004
0.121036032765
0.13452533651350002
0.148014640262
0.1615039440105
0.11786936251999999
0.1313586662685
0.144847970017
0.114702692275
0.1281919960235
0.11153602203
0.348424418308
0.3358540941336667
0.32328376995933333
0.310713445785
0.2981431216106667
0.28557279743633335
0.273002473262
0.3255989929218333
0.3130286687475
0.30045834457316667
0.2878880203988333
0.2753176962245
0.2627473720501667
0.3027735675356667
0.2902032433613333
0.277632919187
0.26506259501266666
0.25249227083833337
0.2799481421495
0.2673778179751667
0.25480749380083334
0.2422371696265
0.2571227167633333
0.24455239258900002
0.2319820684146667
0.2342972913771667
0.22172696720283339
0.211471865991
0.542104893403
0.5098248142205001
0.4775447350380001
0.4452646558555
0.41298457667300004
0.3807044974905
0.348424418308
0.4999552532093334
0.4676751740268334
0.43539509484433336
0.4031150156618334
0.3708349364793333
0.3385548572968333
0.45780561301566675
0.42552553383316666
0.39324545465066674
0.36096537546816665
0.3286852962856667
0.41565597282200006
0.3833758936395001
0.351095814457
0.3188157352745
0.3735063326283334
0.34122625344583335
0.3089461742633334
0.3313566924346667
0.2990766132521667
0.289207052241
0.476377728036
0.4538320206826667
0.4312863133293333
0.408740605976
0.38619489862266665
0.3636491912693333
0.341103483916
0.4424818522403334
0.41993614488700004
0.3973904375336667
0.3748447301803333
0.35229902282700004
0.3297533154736667
0.40858597644466665
0.3860402690913333
0.363494561738
0.34094885438466666
0.3184031470313333
0.374690100649
0.35214439329566666
0.3295986859423333
0.307052978589
0.3407942248533333
0.31824851750000005
0.2957028101466667
0.30689834905766666
0.2843526417043334
0.273002473262
0.289207052241
0.29907661325216667
0.3089461742633334
0.3188157352745
0.3286852962856667
0.3385548572968333
0.348424418308
0.276251187866
0.28612074887716665
0.29599030988833336
0.3058598708995
0.3157294319106666
0.32559899292183325
0.26329532349100004
0.2731648845021667
0.28303444551333334
0.2929040065245
0.30277356753566664
0.25033945911600003
0.2602090201271667
0.27007858113833333
0.2799481421495
0.23738359474100001
0.24725315575216666
0.2571227167633333
0.22442773036600003
0.2342972913771667
0.211471865991
0.476377728036
0.4873322555971667
0.49828678315833336
0.5092413107195
0.5201958382806667
0.5311503658418334
0.542104893403
0.5303147733633333
0.5412693009245
0.5522238284856668
0.5631783560468333
0.5741328836080001
0.5850874111691667
0.5842518186906667
0.5952063462518333
0.606160873813
0.6171154013741666
0.6280699289353333
0.638188864018
0.6491433915791667
0.6600979191403333
0.6710524467015
0.6921259093453334
0.7030804369065
0.7140349644676667
0.7460629546726667
0.7570174822338334
0.8
0.273002473262
0.2574681184415
0.241933763621
0.2263994088005
0.21086505398
0.1953306991595
0.179796344339
0.25175972374783334
0.23622536892733334
0.22069101410683337
0.20515665928633334
0.18962230446583334
0.17408794964533333
0.23051697423366668
0.21498261941316665
0.19944826459266668
0.18391390977216665
0.16837955495166668
0.2092742247195
0.193739869899
0.17820551507850002
0.162671160258
0.18803147520533334
0.17249712038483334
0.15696276556433336
0.16678872569116665
0.15125437087066668
0.145545976177
0.476377728036
0.4424818522403334
0.40858597644466665
0.374690100649
0.3407942248533333
0.30689834905766666
0.273002473262
0.45505217641466666
0.421156300619
0.38726042482333334
0.3533645490276667
0.319468673232
0.28557279743633335
0.43372662479333335
0.3998307489976667
0.365934873202
0.33203899740633336
0.2981431216106667
0.412401073172
0.3785051973763333
0.3446093215806667
0.310713445785
0.3910755215506666
0.357179645755
0.32328376995933333
0.3697499699293333
0.3358540941336667
0.348424418308
0.341103483916
0.321857562112
0.30261164030800003
0.283365718504
0.26411979669999996
0.24487387489600002
0.225627953092
0.3297533154736667
0.3105073936696667
0.2912614718656667
0.27201555006166667
0.2527696282576667
0.23352370645366669
0.3184031470313333
0.2991572252273333
0.27991130342333337
0.26066538161933334
0.24141945981533336
0.307052978589
0.287807056785
0.268561134981
0.249315213177
0.29570281014666666
0.2764568883426667
0.2572109665386667
0.28435264170433333
0.26510671990033335
0.273002473262
0.106269563194
0.1135392240435
0.120808884893
0.1280785457425
0.13534820659199998
0.1426178674415
0.149887528291
0.10470866799658334
0.11197832884608333
0.11924798969558334
0.12651765054508332
0.13378731139458333
0.14105697224408334
0.10314777279916668
0.11041743364866666
0.11768709449816667
0.12495675534766668
0.13222641619716666
0.10158687760175
0.10885653845125
0.11612619930075
0.12339586015025
0.10002598240433333
0.10729564325383334
0.11456530410333333
0.09846508720691667
0.10573474805641667
0.0969041920095
0.179796344339
0.17481154166433333
0.16982673898966666
0.164841936315
0.15985713364033333
0.15487233096566666
0.149887528291
0.16754188081483334
0.16255707814016668
0.1575722754655
0.15258747279083335
0.14760267011616668
0.1426178674415
0.15528741729066667
0.15030261461599997
0.14531781194133334
0.14033300926666667
0.135348206592
0.1430329537665
0.13804815109183333
0.13306334841716666
0.1280785457425
0.13077849024233335
0.12579368756766668
0.12080888489300001
0.11852402671816667
0.1135392240435
0.106269563194
0.211471865991
0.22172696720283333
0.23198206841466668
0.2422371696265
0.25249227083833337
0.2627473720501667
0.273002473262
0.20048421768866667
0.21073931890050002
0.22099442011233336
0.23124952132416668
0.241504622536
0.25175972374783334
0.18949656938633336
0.19975167059816668
0.21000677181000002
0.22026187302183334
0.23051697423366665
0.17850892108400002
0.18876402229583333
0.19901912350766668
0.2092742247195
0.16752127278166667
0.17777637399350002
0.18803147520533336
0.15653362447933333
0.16678872569116665
0.145545976177
0.225627953092
0.21300454895850002
0.20038114482500002
0.1877577406915
0.17513433655799998
0.16251093242450002
0.149887528291
0.21798935163316668
0.20536594749966666
0.1927425433661667
0.18011913923266665
0.16749573509916665
0.15487233096566666
0.21035075017433336
0.1977273460408333
0.1851039419073333
0.17248053777383332
0.15985713364033333
0.2027121487155
0.190088744582
0.17746534044850001
0.164841936315
0.19507354725666665
0.18245014312316665
0.16982673898966666
0.18743494579783332
0.17481154166433333
0.179796344339
0.142532591695
0.14053316699583335
0.13853374229666665
0.1365343175975
0.13453489289833334
0.13253546819916667
0.1305360435
0.120135989191665
0.11813656449249833
0.11613713979333168
0.114137715094165
0.11213829039499834
0.11013886569583167
0.09773938668833
0.09573996198916333
0.09374053728999668
0.09174111259083001
0.08974168789166335
0.07534278418499502
0.07334335948582835
0.0713439347866617
0.06934451008749502
0.05294618168166002
0.05094675698249337
0.048947332283326705
0.030549579178325036
0.02855015447915838
0.008152976674990034
0.447082059401
0.42076955820766665
0.39445705701433337
0.36814455582100003
0.3418320546276667
0.31551955343433336
0.289207052241
0.39632381478333334
0.37001131359000006
0.3436988123966667
0.3173863112033334
0.29107381001000004
0.2647613088166667
0.3455655701656667
0.3192530689723333
0.292940567779
0.2666280665856667
0.24031556539233334
0.294807325548
0.26849482435466665
0.24218232316133337
0.215869821968
0.24404908093033334
0.217736579737
0.19142407854366672
0.1932908363126667
0.16697833511933335
0.142532591695
0.11153602203
0.09649030619524315
0.08144459036048629
0.06639887452572943
0.051353158690972574
0.03630744285621572
0.02126172702145886
0.114702692275
0.09965697644024316
0.08461126060548631
0.06956554477072943
0.05451982893597258
0.03947411310121572
0.11786936252
0.10282364668524314
0.0877779308504863
0.07273221501572943
0.05768649918097258
0.121036032765
0.10599031693024315
0.0909446010954863
0.07589888526072944
0.12420270301
0.10915698717524315
0.0941112713404863
0.127369373255
0.11232365742024314
0.1305360435
0.289207052241
0.276251187866
0.26329532349100004
0.25033945911600003
0.23738359474100001
0.22442773036600003
0.211471865991
0.2627618841175
0.24980601974250005
0.23685015536750004
0.22389429099250002
0.2109384266175
0.19798256224250005
0.23631671599400003
0.22336085161900002
0.21040498724400003
0.19744912286900002
0.18449325849400003
0.2098715478705
0.19691568349550004
0.18395981912050002
0.1710039547455
0.18342637974700002
0.17047051537200003
0.15751465099700002
0.1569812116235
0.14402534724850002
0.1305360435
0.145545976177
0.12799436606267667
0.11044275594835336
0.09289114583403002
0.07533953571970671
0.057787925605383386
0.04023631549106006
0.13987765048583334
0.12232604037151001
0.10477443025718669
0.08722282014286337
0.06967121002854004
0.052119599914216726
0.13420932479466668
0.11665771468034333
0.09910610456602002
0.0815544944516967
0.06400288433737338
0.1285409991035
0.11098938898917668
0.09343777887485336
0.07588616876053003
0.12287267341233332
0.10532106329801001
0.08776945318368669
0.11720434772116667
0.09965273760684334
0.11153602203
0.112987711034
0.10280225352840483
0.09261679602280966
0.08243133851721447
0.0722458810116193
0.06206042350602413
0.05187496600042895
0.11841408855783334
0.10822863105223816
0.09804317354664299
0.0878577160410478
0.07767225853545263
0.06748680102985746
0.12384046608166667
0.11365500857607148
0.10346955107047633
0.09328409356488114
0.08309863605928597
0.1292668436055
0.11908138609990482
0.10889592859430966
0.09871047108871447
0.13469322112933332
0.12450776362373817
0.114322306118143
0.14011959865316664
0.12993414114757149
0.145545976177
0.540950809793
0.5301886295001667
0.5194264492073334
0.5086642689145
0.4979020886216666
0.48713990832883336
0.476377728036
0.5841256748275
0.5733634945346667
0.5626013142418334
0.551839133949
0.5410769536561666
0.5303147733633333
0.6273005398620001
0.6165383595691667
0.6057761792763334
0.5950139989834999
0.5842518186906667
0.6704754048965
0.6597132246036668
0.6489510443108334
0.638188864018
0.713650269931
0.7028880896381666
0.6921259093453334
0.7568251349655
0.7460629546726667
0.8
0.530974819339
0.5326374844146667
0.5343001494903334
0.535962814566
0.5376254796416667
0.5392881447173333
0.540950809793
0.5758123494491667
0.5774750145248334
0.5791376796005001
0.5808003446761667
0.5824630097518334
0.5841256748275
0.6206498795593334
0.622312544635
0.6239752097106668
0.6256378747863334
0.6273005398620001
0.6654874096695
0.6671500747451667
0.6688127398208334
0.6704754048965
0.7103249397796667
0.7119876048553333
0.7136502699310001
0.7551624698898334
0.7568251349655
0.8
0.530974819339
0.5010083513025001
0.47104188326600005
0.4410754152295
0.41110894719300006
0.3811424791565
0.35117601112
0.5326374844146667
0.5026710163781667
0.47270454834166675
0.4427380803051667
0.4127716122686667
0.3828051442321667
0.5343001494903334
0.5043336814538334
0.4743672134173334
0.44440074538083335
0.41443427734433336
0.535962814566
0.5059963465295001
0.47602987849300005
0.4460634104565
0.5376254796416667
0.5076590116051667
0.47769254356866675
0.5392881447173333
0.5093216766808334
0.540950809793
0.8
0.7423410013058334
0.6846820026116668
0.6270230039175
0.5693640052233333
0.5117050065291667
0.454046007835
0.7551624698898334
0.6975034711956667
0.6398444725015001
0.5821854738073333
0.5245264751131666
0.46686747641900006
0.7103249397796667
0.6526659410855
0.5950069423913333
0.5373479436971667
0.479688945003
0.6654874096695
0.6078284109753334
0.5501694122811667
0.492510413587
0.6206498795593334
0.5629908808651667
0.505331882171
0.5758123494491667
0.5181533507550001
0.530974819339
0.225627953092
0.21798935163316668
0.21035075017433336
0.2027121487155
0.19507354725666665
0.18743494579783332
0.179796344339
0.23352370645366669
0.22588510499483333
0.21824650353600003
0.21060790207716665
0.20296930061833332
0.1953306991595
0.24141945981533336
0.23378085835649998
0.22614225689766665
0.21850365543883332
0.21086505398
0.249315213177
0.24167661171816668
0.23403801025933335
0.2263994088005
0.25721096653866665
0.24957236507983332
0.241933763621
0.26510671990033335
0.2574681184415
0.273002473262
0.179796344339
0.16866157212150001
0.157526799904
0.1463920276865
0.135257255469
0.12412248325150001
0.112987711034
0.17408794964533333
0.16295317742783336
0.15181840521033332
0.14068363299283335
0.12954886077533334
0.11841408855783334
0.16837955495166668
0.15724478273416664
0.14611001051666667
0.13497523829916666
0.12384046608166667
0.162671160258
0.15153638804050001
0.140401615823
0.1292668436055
0.15696276556433333
0.14582799334683333
0.13469322112933335
0.15125437087066665
0.14011959865316667
0.145545976177
0.179796344339
0.16754188081483334
0.15528741729066667
0.1430329537665
0.13077849024233335
0.11852402671816667
0.106269563194
0.16866157212150001
0.15640710859733337
0.14415264507316666
0.13189818154900002
0.11964371802483333
0.10738925450066666
0.157526799904
0.14527233637983333
0.13301787285566669
0.1207634093315
0.10850894580733333
0.1463920276865
0.13413756416233333
0.12188310063816668
0.109628637114
0.135257255469
0.12300279194483334
0.11074832842066668
0.12412248325150001
0.11186801972733335
0.112987711034
0.112987711034
0.11186801972733333
0.11074832842066668
0.109628637114
0.10850894580733333
0.10738925450066666
0.106269563194
0.10416979113833903
0.10305009983167236
0.1019304085250057
0.10081071721833902
0.09969102591167235
0.0985713346050057
0.09535187124267805
0.09423217993601138
0.09311248862934474
0.09199279732267804
0.09087310601601137
0.08653395134701708
0.08541426004035041
0.08429456873368374
0.08317487742701707
0.07771603145135611
0.07659634014468944
0.07547664883802277
0.06889811155569514
0.06777842024902847
0.06008019166003416
0.127998196978
0.1316464188635
0.135294640749
0.1389428626345
0.14259108452
0.1462393064055
0.149887528291
0.144269822997
0.1479180448825
0.151566266768
0.15521448865350002
0.15886271053899997
0.1625109324245
0.16054144901599998
0.1641896709015
0.167837892787
0.1714861146725
0.17513433655799998
0.176813075035
0.1804612969205
0.18410951880600002
0.1877577406915
0.193084701054
0.1967329229395
0.200381144825
0.209356327073
0.21300454895850002
0.225627953092
0.341103483916
0.34278223845
0.344460992984
0.34613974751800003
0.34781850205200004
0.349497256586
0.35117601112
0.32189880404033333
0.32357755857433335
0.32525631310833336
0.3269350676423334
0.3286138221763334
0.3302925767103334
0.3026941241646667
0.3043728786986667
0.3060516332326667
0.30773038776666667
0.30940914230066674
0.283489444289
0.28516819882300004
0.28684695335700006
0.288525707891
0.2642847644133334
0.2659635189473334
0.2676422734813334
0.24508008453766666
0.24675883907166668
0.225875404662
0.118690793633
0.10535447078718195
0.09201814794136391
0.07868182509554585
0.0653455022497278
0.05200917940390974
0.03867285655809168
0.12024202752383334
0.1069057046780153
0.09356938183219723
0.08023305898637917
0.06689673614056113
0.05356041329474307
0.12179326141466668
0.10845693856884861
0.09512061572303057
0.0817842928772125
0.06844797003139445
0.1233444953055
0.11000817245968195
0.09667184961386391
0.08333552676804584
0.12489572919633332
0.11155940635051528
0.09822308350469723
0.12644696308716666
0.11311064024134862
0.127998196978
0.225875404662
0.2258341627336667
0.22579292080533336
0.225751678877
0.22571043694866666
0.22566919502033334
0.225627953092
0.24508008453766666
0.24503884260933337
0.24499760068100002
0.24495635875266666
0.24491511682433334
0.24487387489600002
0.2642847644133334
0.264243522485
0.26420228055666667
0.26416103862833334
0.26411979669999996
0.283489444289
0.2834482023606667
0.2834069604323333
0.283365718504
0.3026941241646667
0.30265288223633335
0.30261164030800003
0.32189880404033333
0.321857562112
0.341103483916
0.206378863629
0.2096282871345
0.21287771064000002
0.2161271341455
0.219376557651
0.2226259811565
0.225875404662
0.23051172154416666
0.2337611450496667
0.2370105685551667
0.2402599920606667
0.24350941556616668
0.24675883907166668
0.2546445794593334
0.25789400296483334
0.26114342647033334
0.26439284997583334
0.26764227348133335
0.2787774373745
0.28202686088
0.2852762843855
0.288525707891
0.3029102952896667
0.3061597187951667
0.30940914230066674
0.32704315320483335
0.33029257671033335
0.35117601112
0.127998196978
0.144269822997
0.16054144901599998
0.176813075035
0.193084701054
0.209356327073
0.225627953092
0.14431106492533335
0.16058269094433333
0.17685431696333334
0.19312594298233335
0.20939756900133333
0.22566919502033334
0.16062393287266669
0.17689555889166667
0.19316718491066667
0.20943881092966668
0.22571043694866666
0.17693680082000002
0.193208426839
0.209480052858
0.225751678877
0.19324966876733335
0.20952129478633336
0.22579292080533336
0.20956253671466665
0.22583416273366666
0.225875404662
0.0969041920095
0.09064529833661358
0.08438640466372718
0.07812751099084077
0.07186861731795435
0.06560972364506795
0.05935082997218154
0.09846508720691666
0.09220619353403026
0.08594729986114386
0.07968840618825744
0.07342951251537103
0.06717061884248461
0.10002598240433333
0.09376708873144692
0.08750819505856053
0.0812493013856741
0.0749904077127877
0.10158687760175
0.09532798392886359
0.08906909025597717
0.08281019658309077
0.10314777279916666
0.09688887912628025
0.09062998545339385
0.10470866799658332
0.09844977432369692
0.106269563194
0.127998196978
0.12281586281658334
0.11763352865516666
0.11245119449374999
0.10726886033233332
0.10208652617091667
0.0969041920095
0.1316464188635
0.12646408470208334
0.12128175054066667
0.11609941637925
0.11091708221783333
0.10573474805641667
0.135294640749
0.13011230658758333
0.12492997242616667
0.11974763826474999
0.11456530410333333
0.1389428626345
0.13376052847308334
0.12857819431166667
0.12339586015025
0.14259108452
0.13740875035858333
0.13222641619716666
0.1462393064055
0.14105697224408334
0.149887528291
0.127998196978
0.11514803232721643
0.10229786767643284
0.08944770302564926
0.07659753837486569
0.06374737372408211
0.05089720907329853
0.12281586281658334
0.10996569816579976
0.09711553351501619
0.08426536886423261
0.07141520421344902
0.058565039562665455
0.11763352865516666
0.1047833640043831
0.0919331993535995
0.07908303470281594
0.06623287005203235
0.11245119449374999
0.09960102984296643
0.08675086519218285
0.07390070054139927
0.10726886033233332
0.09441869568154976
0.08156853103076618
0.10208652617091667
0.0892363615201331
0.0969041920095
0.530974819339
0.4926313704578334
0.4542879215766667
0.41594447269550006
0.37760102381433336
0.33925757493316666
0.300914126052
0.5010083513025001
0.4626649024213334
0.4243214535401667
0.385978004659
0.3476345557778334
0.3092911068966667
0.47104188326600005
0.43269843438483335
0.3943549855036667
0.3560115366225
0.31766808774133337
0.4410754152295
0.40273196634833336
0.3643885174671667
0.326045068586
0.41110894719300006
0.37276549831183337
0.3344220494306667
0.3811424791565
0.34279903027533337
0.35117601112
0.106984329751
0.10893540706466667
0.11088648437833334
0.112837561692
0.11478863900566667
0.11673971631933333
0.118690793633
0.12355008539733334
0.125501162711
0.12745224002466668
0.12940331733833332
0.131354394652
0.13330547196566667
0.14011584104366667
0.14206691835733332
0.14401799567100002
0.14596907298466666
0.14792015029833333
0.15668159668999998
0.15863267400366665
0.16058375131733332
0.162534828631
0.17324735233633332
0.17519842965
0.17714950696366666
0.18981310798266665
0.1917641852963333
0.206378863629
0.385553314191
0.4546277618258333
0.5237022094606667
0.5927766570955
0.6618511047303334
0.7309255523651667
0.8
0.3212944284925
0.3903688761273334
0.4594433237621667
0.5285177713970001
0.5975922190318333
0.6666666666666666
0.25703554279400004
0.3261099904288333
0.39518443806366665
0.46425888569850005
0.5333333333333333
0.1927766570955
0.26185110473033335
0.3309255523651667
0.4
0.12851777139700002
0.19759221903183335
0.2666666666666667
0.06425888569850002
0.1333333333333334
2.32710195109e-26
0.8000000000000002
0.8000000000000002
0.8000000000000003
0.8
0.8
0.8
0.8
0.7309255523651669
0.7309255523651669
0.7309255523651669
0.7309255523651668
0.7309255523651668
0.7309255523651668
0.6618511047303335
0.6618511047303335
0.6618511047303335
0.6618511047303335
0.6618511047303333
0.5927766570955001
0.5927766570955001
0.5927766570955001
0.5927766570955
0.5237022094606667
0.5237022094606667
0.5237022094606667
0.45462776182583337
0.45462776182583337
0.385553314191
0.8
0.8
0.8
0.8
0.8
0.8
0.8
0.7551624698898334
0.7551624698898334
0.7551624698898334
0.7551624698898334
0.7551624698898334
0.7551624698898334
0.7103249397796667
0.7103249397796667
0.7103249397796667
0.7103249397796667
0.7103249397796667
0.6654874096695
0.6654874096695
0.6654874096695
0.6654874096695
0.6206498795593334
0.6206498795593334
0.6206498795593334
0.5758123494491667
0.5758123494491667
0.530974819339
0.8000000000000002
0.7319615188356668
0.6639230376713335
0.5958845565070001
0.5278460753426668
0.4598075941783334
0.391769113014
0.8000000000000002
0.7319615188356668
0.6639230376713334
0.5958845565070001
0.5278460753426667
0.4598075941783334
0.8000000000000003
0.7319615188356667
0.6639230376713334
0.5958845565070001
0.5278460753426667
0.8
0.7319615188356667
0.6639230376713334
0.595884556507
0.8
0.7319615188356667
0.6639230376713334
0.8
0.7319615188356667
0.8
0.693499206657
0.7112493388808334
0.7289994711046668
0.7467496033285
0.7644997355523333
0.7822498677761667
0.8
0.7112493388808334
0.7289994711046667
0.7467496033285
0.7644997355523333
0.7822498677761667
0.8
0.7289994711046668
0.7467496033284999
0.7644997355523334
0.7822498677761667
0.8
0.7467496033285
0.7644997355523334
0.7822498677761667
0.8
0.7644997355523333
0.7822498677761667
0.8
0.7822498677761667
0.8
0.8
0.693499206657
0.5779160055475001
0.46233280443800007
0.3467496033285
0.23116640221900003
0.11558320110950006
2.32710195109e-26
0.7112493388808334
0.5956661377713334
0.48008293666183344
0.3644997355523334
0.24891653444283338
0.1333333333333334
0.7289994711046668
0.6134162699951666
0.49783306888566675
0.38224986777616665
0.2666666666666667
0.7467496033285
0.631166402219
0.5155832011095001
0.4
0.7644997355523333
0.6489165344428334
0.5333333333333334
0.7822498677761667
0.6666666666666667
0.8
0.8
0.7341636636503334
0.6683273273006668
0.602490990951
0.5366546546013333
0.47081831825166676
0.404981981902
0.8
0.7341636636503334
0.6683273273006668
0.602490990951
0.5366546546013333
0.47081831825166676
0.8
0.7341636636503334
0.6683273273006667
0.6024909909510001
0.5366546546013333
0.8
0.7341636636503335
0.6683273273006667
0.602490990951
0.8
0.7341636636503334
0.6683273273006667
0.8
0.7341636636503334
0.8
0.8
0.7411803432335
0.6823606864670001
0.6235410297005
0.564721372934
0.5059017161675
0.447082059401
0.8
0.7411803432335
0.6823606864670001
0.6235410297005001
0.564721372934
0.5059017161675
0.8
0.7411803432335
0.6823606864670001
0.6235410297005
0.564721372934
0.8
0.7411803432335
0.6823606864670001
0.6235410297005
0.8
0.7411803432335
0.6823606864670001
0.8
0.7411803432335
0.8
0.8
0.8
0.8
0.8
0.8
0.8
0.8
0.7570174822338334
0.7570174822338334
0.7570174822338334
0.7570174822338334
0.7570174822338334
0.7570174822338334
0.7140349644676668
0.7140349644676667
0.7140349644676668
0.7140349644676668
0.7140349644676667
0.6710524467015
0.6710524467015
0.6710524467015
0.6710524467015
0.6280699289353334
0.6280699289353334
0.6280699289353335
0.5850874111691667
0.5850874111691667
0.542104893403
0.8
0.7568251349655001
0.7136502699310001
0.6704754048965
0.6273005398620001
0.5841256748275
0.540950809793
0.8
0.7568251349655001
0.7136502699310001
0.6704754048965
0.6273005398620001
0.5841256748275
0.8
0.7568251349655
0.7136502699310001
0.6704754048965
0.6273005398620001
0.8
0.7568251349655001
0.7136502699310001
0.6704754048965
0.8
0.7568251349655001
0.7136502699310001
0.8
0.7568251349655001
0.8
1.302324266974535e-11
0.0642588857093527
0.12851777140568216
0.1927766571020116
0.25703554279834107
0.3212944284946705
0.385553314191
1.0852702224787796e-11
0.06425888570718216
0.12851777140351162
0.19277665709984107
0.2570355427961705
0.32129442849249995
8.682161779830243e-12
0.06425888570501162
0.12851777140134107
0.19277665709767053
0.257035542794
6.511621334872687e-12
0.06425888570284108
0.12851777139917053
0.1927766570955
4.341080889915133e-12
0.06425888570067054
0.128517771397
2.170540444957579e-12
0.0642588856985
2.32710195109e-26
1.358467383346693e-06
0.030380022421152786
0.060758686374922224
0.09113735032869166
0.1215160142824611
0.15189467823623054
0.18227334219
1.1320583233293559e-06
0.030379796012092772
0.06075845996586221
0.09113712391963165
0.12151578787340109
0.1518944518271705
9.056492633120187e-07
0.03037956960303275
0.060758233556802196
0.09113689751057164
0.12151556146434107
6.792402032946814e-07
0.030379343193972733
0.060758007147742175
0.09113667110151162
4.5283114327734424e-07
0.03037911678491272
0.060757780738682154
2.2642208326000706e-07
0.0303788903758527
1.302324266974535e-11
0.125609587338
0.10470499766548806
0.08380040799297611
0.06289581832046415
0.0419912286479522
0.021086638975440247
0.0001820493029282821
0.10503931290243033
0.08413472322991838
0.06323013355740643
0.04232554388489447
0.021420954212382513
0.0005163645398705632
0.08446903846686066
0.0635644487943487
0.04265985912183674
0.021755269449324783
0.0008506797768128306
0.06389876403129095
0.04299417435877901
0.02208958468626706
0.0011849950137550944
0.04332848959572128
0.02242389992320933
0.001519310250697379
0.0227582151601516
0.0018536254876396498
0.002187940724581907
0.02304937272096235
0.037038532225968625
0.0510276917309749
0.06501685123598118
0.07900601074098745
0.09299517024599371
0.106984329751
0.020964985187225872
0.03495414469223215
0.04894330419723843
0.0629324637022447
0.07692162320725096
0.09091078271225723
0.0188805976534894
0.032869757158495674
0.04685891666350195
0.06084807616850822
0.0748372356735145
0.016796210119752922
0.030785369624759196
0.04477452912976547
0.058763688634771744
0.014711822586016443
0.028700982091022717
0.04269014159602899
0.012627435052279968
0.026616594557286245
0.01054304751854349
1.358467383346693e-06
3.147360664083592e-05
6.158874589832515e-05
9.17038851558144e-05
0.00012181902441330361
0.00015193416367079285
0.0001820493029282821
0.030443852548319453
0.030473967687576944
0.030504082826834433
0.03053419796609192
0.03056431310534941
0.0305944282446069
0.06088634662925556
0.06091646176851305
0.06094657690777054
0.060976692047028026
0.06100680718628552
0.09132884071019166
0.09135895584944916
0.09138907098870665
0.09141918612796414
0.12177133479112777
0.12180144993038526
0.12183156506964275
0.1522138288720639
0.15224394401132135
0.182656322953
0.002187940724581907
0.003580458523575504
0.004972976322569101
0.0063654941215626985
0.007758011920556295
0.009150529719549893
0.01054304751854349
0.02275821516015159
0.024150732959145188
0.025543250758138784
0.02693576855713238
0.028328286356125977
0.029720804155119573
0.043328489595721276
0.04472100739471487
0.04611352519370847
0.047506042992702065
0.04889856079169566
0.06389876403129095
0.06529128183028456
0.06668379962927816
0.06807631742827175
0.08446903846686064
0.08586155626585423
0.08725407406484784
0.10503931290243032
0.10643183070142391
0.125609587338
2.783963955175791e-13
2.3199699626465315e-13
1.8559759701172715e-13
1.3919819775880118e-13
9.279879850587521e-14
4.639939925294926e-14
2.32710195109e-26
0.06749699698389866
0.06749699698385227
0.06749699698380586
0.06749699698375947
0.06749699698371306
0.06749699698366667
0.13499399396751893
0.13499399396747253
0.13499399396742612
0.13499399396737974
0.13499399396733333
0.2024909909511392
0.2024909909510928
0.20249099095104642
0.202490990951
0.2699879879347595
0.26998798793471307
0.26998798793466666
0.33748498491837975
0.33748498491833334
0.404981981902
2.289455062159688e-07
1.9078796824603993e-07
1.5263043027611107e-07
1.1447289230618216e-07
7.631535433625329e-08
3.8157816366324416e-08
2.783963955175791e-13
0.05410105257958851
0.054101014422050536
0.05410097626451257
0.0541009381069746
0.05410089994943663
0.05410086179189866
0.1082018762136708
0.10820183805613283
0.10820179989859487
0.10820176174105689
0.10820172358351893
0.1623026998477531
0.16230266169021515
0.16230262353267716
0.1623025853751392
0.2164035234818354
0.21640348532429743
0.21640344716675944
0.2705043471159177
0.27050430895837974
0.32460517075
0.161813017869
0.13487458985219364
0.1079361618353873
0.08099773381858093
0.054059305801774586
0.027120877784968238
0.0001824497681618745
0.13484421971508437
0.10790579169827802
0.08096736368147167
0.05402893566466531
0.027090507647858957
0.00015207963105261154
0.10787542156116875
0.08093699354436237
0.053998565527556046
0.02706013751074968
0.00012170949394333064
0.0809066234072531
0.05396819539044676
0.027029767373640406
9.133935683404524e-05
0.053937825253337485
0.026999397236531133
6.096921972478677e-05
0.026969027099421856
3.0599082615510356e-05
2.289455062159688e-07
0.002199925179965056
0.0018636792779978591
0.0015274333760306625
0.0011911874740634654
0.0008549415720962685
0.0005186956701290716
0.0001824497681618745
0.025588702932470876
0.02525245703050368
0.02491621112853648
0.024579965226569286
0.02424371932460209
0.02390747342263489
0.0489774806849767
0.048641234783009496
0.0483049888810423
0.04796874297907511
0.047632497077107906
0.07236625843748253
0.07203001253551533
0.07169376663354812
0.07135752073158093
0.09575503618998833
0.09541879028802114
0.09508254438605394
0.11914381394249417
0.11880756804052696
0.142532591695
0.142532591695
0.120135989191665
0.09773938668833
0.07534278418499502
0.05294618168166002
0.030549579178325036
0.008152976674990034
0.11914381394249418
0.09674721143915918
0.0743506089358242
0.05195400643248919
0.0295574039291542
0.007160801425819216
0.09575503618998835
0.07335843368665335
0.050961831183318373
0.02856522867998337
0.006168626176648382
0.07236625843748253
0.04996965593414753
0.02757305343081255
0.005176450927477545
0.048977480684976704
0.026580878181641718
0.0041842756783067305
0.02558870293247089
0.003192100429135901
0.002199925179965056
0.11153602203
0.09965273760684334
0.08776945318368669
0.07588616876053003
0.06400288433737338
0.05211959991421672
0.04023631549106006
0.09649030619524315
0.0846070217720865
0.07272373734892985
0.06084045292577318
0.04895716850261652
0.037073884079459864
0.08144459036048629
0.06956130593732963
0.05767802151417298
0.04579473709101632
0.033911452667859665
0.06639887452572943
0.05451559010257277
0.04263230567941612
0.03074902125625946
0.051353158690972574
0.039469874267815924
0.02758658984465927
0.03630744285621572
0.02442415843305907
0.02126172702145886
0.06008019166003416
0.06777842024902847
0.07547664883802277
0.08317487742701707
0.09087310601601138
0.09857133460500568
0.106269563194
0.06047973231600829
0.0681779609050026
0.07587618949399691
0.08357441808299121
0.09127264667198551
0.09897087526097981
0.060879272971982416
0.06857750156097672
0.07627573014997102
0.08397395873896533
0.09167218732795963
0.06127881362795654
0.06897704221695085
0.07667527080594516
0.08437349939493946
0.061678354283930675
0.06937658287292497
0.07707481146191929
0.062077894939904794
0.0697761235288991
0.06247743559587893
0.1305360435
0.11232365742024315
0.0941112713404863
0.07589888526072944
0.05768649918097258
0.03947411310121572
0.02126172702145886
0.11013886569583167
0.09192647961607484
0.07371409353631797
0.055501707456561106
0.03728932137680425
0.019076935297047397
0.08974168789166335
0.07152930181190649
0.053316915732149646
0.03510452965239278
0.016892143572635923
0.06934451008749502
0.051132124007738165
0.032919737927981314
0.014707351848224446
0.0489473322833267
0.03073494620356984
0.01252256012381299
0.028550154479158374
0.01033776839940152
0.008152976674990034
0.05187496600042895
0.04993519091553413
0.04799541583063932
0.0460556407457445
0.04411586566084969
0.04217609057595488
0.04023631549106006
0.06748680102985746
0.06554702594496264
0.06360725086006783
0.061667475775173015
0.0597277006902782
0.057787925605383386
0.08309863605928597
0.08115886097439115
0.07921908588949633
0.07727931080460151
0.07533953571970671
0.09871047108871447
0.09677069600381966
0.09483092091892484
0.09289114583403002
0.11432230611814298
0.11238253103324816
0.11044275594835336
0.12993414114757149
0.12799436606267667
0.145545976177
0.05089720907329853
0.052306145889779034
0.053715082706259534
0.055124019522740035
0.056532956339220536
0.05794189315570104
0.05935082997218154
0.05856503956266544
0.05997397637914595
0.06138291319562646
0.06279185001210695
0.06420078682858744
0.06560972364506795
0.06623287005203235
0.06764180686851284
0.06905074368499337
0.07045968050147386
0.07186861731795435
0.07390070054139927
0.07530963735787977
0.07671857417436027
0.07812751099084077
0.08156853103076617
0.08297746784724667
0.08438640466372718
0.08923636152013309
0.09064529833661358
0.0969041920095
0.112987711034
0.10416979113833903
0.09535187124267805
0.08653395134701708
0.07771603145135611
0.06889811155569514
0.06008019166003416
0.10280225352840483
0.09398433363274386
0.08516641373708289
0.07634849384142191
0.06753057394576092
0.05871265405009996
0.09261679602280966
0.08379887612714867
0.0749809562314877
0.06616303633582674
0.05734511644016575
0.08243133851721447
0.0736134186215535
0.06479549872589253
0.05597757883023155
0.0722458810116193
0.06342796111595833
0.05461004122029736
0.06206042350602413
0.05324250361036316
0.05187496600042895
0.05935082997218154
0.05987193090946444
0.06039303184674734
0.06091413278403023
0.06143523372131313
0.06195633465859603
0.06247743559587893
0.06717061884248461
0.06769171977976751
0.06821282071705041
0.06873392165433331
0.06925502259161621
0.0697761235288991
0.0749904077127877
0.07551150865007059
0.0760326095873535
0.07655371052463639
0.07707481146191927
0.08281019658309077
0.08333129752037366
0.08385239845765657
0.08437349939493946
0.09062998545339385
0.09115108639067673
0.09167218732795965
0.09844977432369692
0.09897087526097981
0.106269563194
0.03867285655809168
0.052009179403909735
0.0653455022497278
0.07868182509554585
0.0920181479413639
0.10535447078718194
0.118690793633
0.036068942585236796
0.04940526543105485
0.0627415882768729
0.07607791112269095
0.089414233968509
0.10275055681432704
0.0334650286123819
0.04680135145819996
0.060137674304018014
0.07347399714983607
0.08681031999565411
0.030861114639527017
0.044197437485345076
0.05753376033116313
0.07087008317698118
0.02825720066667213
0.04159352351249018
0.05492984635830824
0.025653286693817244
0.038989609539635296
0.02304937272096235
0.03867285655809168
0.04071024864395949
0.0427476407298273
0.04478503281569511
0.046822424901562916
0.04885981698743072
0.05089720907329853
0.053560413294743064
0.055597805380610876
0.05763519746647868
0.05967258955234649
0.0617099816382143
0.0637473737240821
0.06844797003139445
0.07048536211726225
0.07252275420313006
0.07456014628899787
0.07659753837486569
0.08333552676804584
0.08537291885391365
0.08741031093978147
0.08944770302564926
0.09822308350469722
0.10026047559056503
0.10229786767643284
0.1131106402413486
0.11514803232721642
0.127998196978
